Nr	TID	PID	x [pixel]	y [pixel]	t [sec]	I [val]	Len [pixel]	D2S [pixel]	D2R [pixel]	D2P [pixel]	v [pixel/sec]	? [deg]	?? [deg]
1	1	1	873.5	656.25	0	26.7	0	0	NA	NA	NA	NA	NA
2	1	2	880.75	659	0	5	7.754	7.754	NA	7.754	NA	20.772	NA
3	1	3	876.25	658.25	0	19.7	12.316	3.4	NA	4.562	NA	-170.538	168.69
4	1	4	878.5	656.75	0	45.6	15.02	5.025	NA	2.704	NA	-33.69	136.848
5	1	5	878.75	656.25	0	36	15.579	5.25	NA	0.559	NA	-63.435	-29.745
6	1	6	876.75	657.5	0	33	17.938	3.482	NA	2.358	NA	147.995	-148.57
7	1	7	880.25	658.25	0	44	21.517	7.04	NA	3.579	NA	12.095	-135.9
8	1	8	882.25	657.75	0	8	23.579	8.878	NA	2.062	NA	-14.036	-26.131
9	1	9	879.5	655.5	0	37	27.132	6.047	NA	3.553	NA	-140.711	-126.674
10	1	10	877.25	658.5	0	6	30.882	4.373	NA	3.75	NA	126.87	-92.42
11	1	11	878.75	659.75	0	9	32.835	6.31	NA	1.953	NA	39.806	-87.064
12	1	12	880.75	655.75	0	16	37.307	7.267	NA	4.472	NA	-63.435	-103.241
13	1	13	879.75	658.5	0	31	40.233	6.643	NA	2.926	NA	109.983	173.418
14	1	14	879	656.25	0	47	42.605	5.5	NA	2.372	NA	-108.435	141.582
15	1	15	882.25	660	0	38	47.567	9.52	NA	4.962	NA	49.086	157.521
16	1	16	881.5	657.75	0	15	49.939	8.139	NA	2.372	NA	-108.435	-157.521
17	1	17	883	656.5	0	7.4	51.891	9.503	NA	1.953	NA	-39.806	68.629
18	1	18	881	657	0	37	53.953	7.537	NA	2.062	NA	165.964	-154.231
19	1	19	881.5	654	0	3.4	56.994	8.31	NA	3.041	NA	-80.538	113.499
20	1	20	881.5	656.5	0	38.6	59.494	8.004	NA	2.5	NA	90	170.538
21	1	21	879.75	655.25	0	45.6	61.645	6.329	NA	2.151	NA	-144.462	125.538
22	1	22	882.75	657.75	0	34	65.55	9.371	NA	3.905	NA	39.806	-175.732
23	1	23	885.5	659.75	0	133	68.95	12.5	NA	3.4	NA	36.027	-3.778
24	1	24	886	658.25	0	0	70.531	12.659	NA	1.581	NA	-71.565	-107.592
25	1	25	886.25	659.5	0	0	71.806	13.158	NA	1.275	NA	78.69	150.255
26	1	26	885.75	660	0	26	72.513	12.811	NA	0.707	NA	135	56.31
27	1	27	885.75	660.5	0	16	73.013	12.966	NA	0.5	NA	90	-45
28	1	28	886.25	662	0	2.4	74.594	13.987	NA	1.581	NA	71.565	-18.435
29	1	29	886.5	661.25	0	2	75.385	13.928	NA	0.791	NA	-71.565	-143.13
30	1	30	884.5	663.25	0	0	78.213	13.038	NA	2.828	NA	135	-153.435
31	1	31	887.75	663	0	19.5	81.473	15.768	NA	3.26	NA	-4.399	-139.399
32	1	32	892	664.5	0	154.9	85.98	20.256	NA	4.507	NA	19.44	23.839
33	1	33	891	662	0	39.5	88.672	18.42	NA	2.693	NA	-111.801	-131.241
34	1	34	890.75	661	0	50	89.703	17.892	NA	1.031	NA	-104.036	7.765
35	1	35	893	662.75	0	38.4	92.554	20.555	NA	2.85	NA	37.875	141.911
36	1	36	895.5	665.75	0	76.9	96.459	23.964	NA	3.905	NA	50.194	12.319
37	1	37	896.5	664	0	10.2	98.474	24.271	NA	2.016	NA	-60.255	-110.45
38	1	38	897.25	662.25	0	61.8	100.378	24.496	NA	1.904	NA	-66.801	-6.546
39	1	39	898	660.75	0	55	102.055	24.91	NA	1.677	NA	-63.435	3.366
40	1	40	901.75	662.5	0	5.5	106.194	28.933	NA	4.138	NA	25.017	88.452
41	1	41	903.5	665.5	0	74.2	109.667	31.394	NA	3.473	NA	59.744	34.727
42	1	42	906	664	0	53.9	112.582	33.411	NA	2.915	NA	-30.964	-90.707
43	1	43	903.5	661.5	0	18.5	116.118	30.456	NA	3.536	NA	-135	-104.036
44	1	44	900.75	659.75	0	52	119.377	27.474	NA	3.26	NA	-147.529	-12.529
45	1	45	901.75	659	0	46.7	120.627	28.384	NA	1.25	NA	-36.87	110.659
46	1	46	902.75	658	0	1	122.042	29.302	NA	1.414	NA	-45	-8.13
47	1	47	903.25	659.25	0	47.7	123.388	29.901	NA	1.346	NA	68.199	113.199
48	1	48	896.75	663.75	0	177.2	131.293	24.43	NA	7.906	NA	145.305	77.106
49	1	49	897	657.5	0	23.4	137.548	23.533	NA	6.255	NA	-87.709	126.986
50	1	50	898.75	655.75	0	0.6	140.023	25.255	NA	2.475	NA	-45	42.709
51	1	51	895	653.75	0	5.5	144.273	21.645	NA	4.25	NA	-151.928	-106.928
52	1	52	890.75	655.25	0	40.8	148.78	17.279	NA	4.507	NA	160.56	-47.513
53	1	53	887	653.75	0	26.8	152.819	13.73	NA	4.039	NA	-158.199	41.241
54	1	54	882.75	654	0	110.4	157.077	9.52	NA	4.257	NA	176.634	-25.168
55	1	55	886.5	652.25	0	19.8	161.215	13.601	NA	4.138	NA	-25.017	158.35
56	1	56	892.25	657.75	0	9.4	169.172	18.81	NA	7.957	NA	43.727	68.744
57	1	57	897.5	656.75	0	7.4	174.516	24.005	NA	5.344	NA	-10.784	-54.511
58	1	58	898	655	0	28.8	176.336	24.532	NA	1.82	NA	-74.055	-63.27
59	1	59	903.5	655.75	0	0.6	181.887	30.004	NA	5.551	NA	7.765	81.82
60	1	60	906.25	658.5	0	0.6	185.776	32.827	NA	3.889	NA	45	37.235
61	1	61	907.75	660.25	0	0.6	188.081	34.483	NA	2.305	NA	49.399	4.399
62	1	62	909.25	658	0	11.7	190.785	35.793	NA	2.704	NA	-56.31	-105.709
63	1	63	910.25	657.25	0	6.1	192.035	36.764	NA	1.25	NA	-36.87	19.44
64	1	64	904.75	661.75	0	26	199.141	31.73	NA	7.106	NA	140.711	177.58
65	1	65	897	661.5	0	0.6	206.895	24.079	NA	7.754	NA	-178.152	41.137
66	1	66	890.75	662.5	0	150	213.225	18.347	NA	6.329	NA	170.91	-10.938
67	1	67	900.5	664.75	0	0	223.231	28.306	NA	10.006	NA	12.995	-157.915
68	1	68	900	669	0	36	227.511	29.408	NA	4.279	NA	96.71	83.715
69	1	69	902.75	667.25	0	31.6	230.77	31.25	NA	3.26	NA	-32.471	-129.181
70	1	70	908.5	670.5	0	8	237.375	37.79	NA	6.605	NA	29.476	61.947
71	1	71	908	671.5	0	31.6	238.493	37.72	NA	1.118	NA	116.565	87.089
72	1	72	908.75	669.5	0	33.7	240.629	37.658	NA	2.136	NA	-69.444	173.991
73	1	73	907.25	671.5	0	18.5	243.129	37.035	NA	2.5	NA	126.87	-163.686
74	1	74	912.5	671.5	0	19.7	248.379	41.876	NA	5.25	NA	0	-126.87
75	1	75	913.5	670.5	0	47.7	249.793	42.462	NA	1.414	NA	-45	-45
76	1	76	915.5	670.25	0	37	251.809	44.272	NA	2.016	NA	-7.125	37.875
77	1	77	920.75	672.75	0	25.7	257.624	50.048	NA	5.815	NA	25.463	32.588
78	1	78	922	672	0	33.7	259.081	50.993	NA	1.458	NA	-30.964	-56.427
79	1	79	927.25	669	0	0.6	265.128	55.242	NA	6.047	NA	-29.745	1.219
80	1	80	931.75	671.75	0	15	270.402	60.277	NA	5.274	NA	31.43	61.174
81	1	81	931.75	672.25	0	36	270.902	60.407	NA	0.5	NA	90	58.57
82	1	82	932.25	673	0	51	271.803	61.091	NA	0.901	NA	56.31	-33.69
83	1	83	927.75	672.25	0	50	276.365	56.56	NA	4.562	NA	-170.538	133.152
84	1	84	920	671.5	0	0.6	284.152	48.937	NA	7.786	NA	-174.472	-3.935
85	1	85	914	669.5	0	2.6	290.476	42.612	NA	6.325	NA	-161.565	12.907
86	1	86	908.25	670.25	0	121	296.275	37.464	NA	5.799	NA	172.569	-25.866
87	1	87	909.75	667.5	0	22	299.407	37.956	NA	3.132	NA	-61.39	126.042
88	1	88	912.75	670	0	30	303.312	41.589	NA	3.905	NA	39.806	101.195
89	1	89	916.25	674.5	0	5.7	309.013	46.483	NA	5.701	NA	52.125	12.319
90	1	90	919.75	672	0	39.7	313.315	48.858	NA	4.301	NA	-35.538	-87.663
91	1	91	927	671.75	0	51	320.569	55.7	NA	7.254	NA	-1.975	33.563
92	1	92	935.25	676.5	0	93.2	330.089	64.986	NA	9.52	NA	29.932	31.906
93	1	93	941.25	675.75	0	140.9	336.135	70.5	NA	6.047	NA	-7.125	-37.057
94	1	94	941.25	675.25	0	29.4	336.635	70.364	NA	0.5	NA	-90	-82.875
95	1	95	941.5	673.5	0	0.6	338.403	70.154	NA	1.768	NA	-81.87	8.13
96	1	96	938.5	674.5	0	52.6	341.565	67.513	NA	3.162	NA	161.565	-116.565
97	1	97	933.5	679.5	0	22	348.636	64.347	NA	7.071	NA	135	-26.565
98	1	98	926.5	676.75	0	44	356.157	56.826	NA	7.521	NA	-158.552	66.448
99	1	99	922.5	680.25	0	30	361.472	54.562	NA	5.315	NA	138.814	-62.634
100	1	100	924.5	683.5	0	30	365.288	57.824	NA	3.816	NA	58.392	-80.422
101	1	101	928.75	685.75	0	46.7	370.097	62.632	NA	4.809	NA	27.897	-30.495
102	1	102	933.5	687.5	0	23	375.159	67.65	NA	5.062	NA	20.225	-7.672
103	1	103	938	689.5	0	18.7	380.084	72.566	NA	4.924	NA	23.962	3.738
104	1	104	942	691.75	0	29.4	384.673	77.152	NA	4.589	NA	29.358	5.395
105	1	105	944.25	690.25	0	23.4	387.377	78.496	NA	2.704	NA	-33.69	-63.048
106	1	106	945.5	688.25	0	0.6	389.736	78.791	NA	2.358	NA	-57.995	-24.305
107	1	107	944.75	688.25	0	51	390.486	78.106	NA	0.75	NA	180	-122.005
108	1	108	946.75	689.25	0	29	392.722	80.34	NA	2.236	NA	26.565	-153.435
109	1	109	952.25	690.25	0	46.7	398.312	85.776	NA	5.59	NA	10.305	-16.26
110	1	110	954.5	691.5	0	16	400.886	88.338	NA	2.574	NA	29.055	18.75
111	1	111	958.25	692.75	0	37	404.839	92.276	NA	3.953	NA	18.435	-10.62
112	1	112	961.75	692.5	0	30	408.348	95.405	NA	3.509	NA	-4.086	-22.521
113	1	113	965.5	692.75	0	10.6	412.106	98.976	NA	3.758	NA	3.814	7.9
114	1	114	970.5	691.25	0	54.7	417.326	103.121	NA	5.22	NA	-16.699	-20.513
115	1	115	967.833	691.5	0	44	420.004	100.704	NA	2.678	NA	174.644	-168.657
116	1	116	969.167	691.167	0	17.6	421.379	101.84	NA	1.374	NA	-14.036	171.32
117	1	117	963.833	693.833	0	50	427.342	97.84	NA	5.963	NA	153.435	167.471
118	1	118	955.167	688.5	0	39.7	437.518	87.804	NA	10.176	NA	-148.392	58.173
119	1	119	937.5	693.5	0	145.4	455.879	74.051	NA	18.361	NA	164.197	-47.41
120	1	120	936.167	680.167	0	158.3	469.278	67.075	NA	13.4	NA	-95.711	100.092
121	1	121	943.833	689.167	0	65.4	481.101	77.655	NA	11.823	NA	49.574	145.285
122	1	122	951.167	688.167	0	47.9	488.502	83.969	NA	7.401	NA	-7.765	-57.339
123	1	123	964.5	697.5	0	26.9	504.778	99.913	NA	16.275	NA	34.992	42.757
124	1	124	971.167	698.167	0	35.8	511.478	106.282	NA	6.7	NA	5.711	-29.281
125	1	125	979.167	697.833	0	22.4	519.485	113.554	NA	8.007	NA	-2.386	-8.097
126	1	126	985.167	699.167	0	52.4	525.631	119.63	NA	6.146	NA	12.529	14.915
127	1	127	986.5	700.167	0	32.5	527.298	121.234	NA	1.667	NA	36.87	24.341
128	1	128	982.5	704.167	0	67.5	532.954	119.067	NA	5.657	NA	135	98.13
129	1	129	981.5	709.833	0	29.4	538.709	120.562	NA	5.754	NA	100.008	-34.992
130	1	130	971.5	709.5	0	46.5	548.714	111.533	NA	10.006	NA	-178.091	81.901
131	1	131	966.833	709.5	0	9.4	553.381	107.455	NA	4.667	NA	180	-1.909
132	1	132	964.167	710.167	0	62.9	556.13	105.487	NA	2.749	NA	165.964	-14.036
133	1	133	968.167	715.833	0	59.4	563.066	111.857	NA	6.936	NA	54.782	-111.181
134	1	134	974.833	718.833	0	39.5	570.376	119.101	NA	7.311	NA	24.228	-30.555
135	1	135	983.5	724.5	0	22.1	580.731	129.453	NA	10.355	NA	33.179	8.951
136	1	136	987.5	726.5	0	19.5	585.203	133.907	NA	4.472	NA	26.565	-6.613
137	1	137	993.833	728.833	0	30.1	591.953	140.529	NA	6.749	NA	20.225	-6.34
138	1	138	996.167	730.167	0	25.5	594.64	143.216	NA	2.687	NA	29.745	9.52
139	1	139	996.833	725.833	0	86.1	599.025	141.608	NA	4.384	NA	-81.254	-110.999
140	1	140	1005.5	729.167	0	31.2	608.31	150.801	NA	9.286	NA	21.038	102.291
141	1	141	1012.167	733.833	0	12.5	616.448	158.895	NA	8.138	NA	34.992	13.955
142	1	142	1016.5	736.833	0	22.1	621.718	164.142	NA	5.27	NA	34.695	-0.297
143	1	143	1019.833	732.833	0	55.9	626.925	165.162	NA	5.207	NA	-50.194	-84.89
144	1	144	1018.5	730.5	0	68.3	629.613	162.905	NA	2.687	NA	-119.745	-69.55
145	1	145	1030.167	731.833	0	54.5	641.355	173.946	NA	11.743	NA	6.52	126.265
146	1	146	1047.167	736.167	0	12.5	658.899	191.172	NA	17.544	NA	14.3	7.78
147	1	147	1050.833	733.833	0	54.5	663.245	193.562	NA	4.346	NA	-32.471	-46.771
148	1	148	1054.5	730.5	0	41.9	668.2	195.638	NA	4.955	NA	-42.274	-9.802
149	1	149	1052.833	736.5	0	17.4	674.427	196.47	NA	6.227	NA	105.524	147.798
150	1	150	1021.5	738.833	0	5.5	705.848	169.482	NA	31.42	NA	175.741	70.217
151	1	151	999.833	732.833	0	126.5	728.33	147.733	NA	22.482	NA	-164.521	19.737
152	1	152	1006.167	726.833	0	12.9	737.054	150.275	NA	8.724	NA	-43.452	121.07
153	1	153	1010.833	729.5	0	40.9	742.429	155.647	NA	5.375	NA	29.745	73.197
154	1	154	1017.833	736.833	0	18.3	752.567	165.305	NA	10.138	NA	46.332	16.587
155	1	155	1029.167	741.167	0	66.2	764.7	177.322	NA	12.134	NA	20.925	-25.408
156	1	156	1048.833	748.833	0	41.9	785.808	198.276	NA	21.108	NA	21.297	0.373
157	1	157	1065.5	751.167	0	22.2	802.638	214.18	NA	16.829	NA	7.97	-13.328
158	1	158	1075.833	755.833	0	23.2	813.976	225.512	NA	11.338	NA	24.305	16.335
159	1	159	1093.167	761.5	0	5.7	832.212	243.58	NA	18.236	NA	18.104	-6.201
160	1	160	1088.833	771.167	0	18.3	842.805	244.078	NA	10.593	NA	114.146	96.042
161	1	161	1094.5	777.833	0	31.2	851.555	252.237	NA	8.75	NA	49.635	-64.51
162	1	162	1090.833	786.833	0	17.2	861.273	253.546	NA	9.718	NA	112.166	62.531
163	1	163	1079.167	791.833	0	30	873.966	246.336	NA	12.693	NA	156.801	44.635
164	1	164	1073.5	796.833	0	16	881.523	244.466	NA	7.557	NA	138.576	-18.225
165	1	165	1090.167	801.167	0	44.2	898.744	260.663	NA	17.221	NA	14.574	-124.002
166	1	166	1098	826	0	14.4	924.784	281.452	NA	26.039	NA	72.493	57.919
167	1	167	1085.5	823.5	0	9.4	937.531	270.031	NA	12.748	NA	-168.69	118.817
168	1	168	1090	824	0	28.2	942.059	273.884	NA	4.528	NA	6.34	175.03
169	1	169	1090.5	835.5	0	15	953.57	281.46	NA	11.511	NA	87.51	81.17
170	1	170	1089	841.5	0	24.4	959.754	284.179	NA	6.185	NA	104.036	16.526
171	1	171	1091.5	831.5	0	26.7	970.062	279.708	NA	10.308	NA	-75.964	-180
172	1	172	1111.5	840	0	17.6	991.794	300.679	NA	21.731	NA	23.025	98.989
173	1	173	1124	849	0	25.5	1007.196	316.074	NA	15.403	NA	35.754	12.728
174	1	174	1128.5	843.5	0	61.5	1014.303	316.366	NA	7.106	NA	-50.711	-86.464
175	1	175	1121	825.5	0	6.1	1033.803	299.836	NA	19.5	NA	-112.62	-61.909
176	1	176	1107.5	836.5	0	53.7	1051.217	295.374	NA	17.414	NA	140.826	-106.554
177	1	177	1131.5	837.5	0	18.5	1075.238	315.302	NA	24.021	NA	2.386	-138.44
178	1	179	1117	835.5	0	38.6	1089.875	302.362	NA	14.637	NA	-172.147	-174.533
179	2	1	878.833	546.833	0	47.5	0	0	NA	NA	NA	NA	NA
180	2	2	882.833	547.167	0	23	4.014	4.014	NA	4.014	NA	4.764	NA
181	2	3	882.5	544.5	0	0.6	6.701	4.346	NA	2.687	NA	-97.125	-101.889
182	2	4	881.833	547.833	0	18.7	10.101	3.162	NA	3.399	NA	101.31	-161.565
183	2	5	881.5	548.5	0	24.6	10.846	3.145	NA	0.745	NA	116.565	15.255
184	2	6	883.167	548.833	0	17.6	12.546	4.773	NA	1.7	NA	11.31	-105.255
185	2	7	881.167	546.167	0	33.7	15.879	2.427	NA	3.333	NA	-126.87	-138.18
186	2	8	879.833	548.833	0	10.6	18.86	2.236	NA	2.981	NA	116.565	-116.565
187	2	9	881.167	544.833	0	28.4	23.077	3.073	NA	4.216	NA	-71.565	171.87
188	2	10	882.833	546.5	0	12.7	25.434	4.014	NA	2.357	NA	45	116.565
189	2	11	882.833	548.5	0	11.7	27.434	4.333	NA	2	NA	90	45
190	2	12	883.833	549.167	0	25.7	28.636	5.518	NA	1.202	NA	33.69	-56.31
191	2	13	882.5	546.167	0	24.6	31.919	3.727	NA	3.283	NA	-113.962	-147.653
192	2	14	882.833	545.833	0	24.6	32.39	4.123	NA	0.471	NA	-45	68.962
193	2	15	881.5	546.5	0	30	33.881	2.687	NA	1.491	NA	153.435	-161.565
194	2	16	881.5	545.833	0	30	34.547	2.848	NA	0.667	NA	-90	116.565
195	2	17	882.833	546.5	0	23	36.038	4.014	NA	1.491	NA	26.565	116.565
196	2	18	882.833	546.5	0	19.7	36.038	4.014	NA	0	NA	0	-26.565
197	2	19	884.167	545.167	0	23	37.924	5.588	NA	1.886	NA	-45	-45
198	2	20	883.833	545.167	0	25.7	38.257	5.27	NA	0.333	NA	180	-135
199	2	21	881.167	546.833	0	29	41.402	2.333	NA	3.145	NA	147.995	-32.005
200	2	22	882.5	545.5	0	33.7	43.287	3.902	NA	1.886	NA	-45	167.005
201	2	23	885.167	548.5	0	11.7	47.301	6.549	NA	4.014	NA	48.366	93.366
202	2	24	886.167	549.167	0	23.3	48.503	7.696	NA	1.202	NA	33.69	-14.676
203	2	25	884.833	548.5	0	24.6	49.994	6.227	NA	1.491	NA	-153.435	172.875
204	2	26	885.5	548.167	0	25.7	50.739	6.799	NA	0.745	NA	-26.565	126.87
205	2	27	885.5	552.167	0	46.7	54.739	8.537	NA	4	NA	90	116.565
206	2	28	887.833	550.167	0	12.9	57.812	9.597	NA	3.073	NA	-40.601	-130.601
207	2	29	889.5	548.833	0	56.9	59.947	10.853	NA	2.134	NA	-38.66	1.941
208	2	30	890.5	550.167	0	111.6	61.613	12.134	NA	1.667	NA	53.13	91.79
209	2	31	889.5	552.5	0	145.2	64.152	12.078	NA	2.539	NA	113.199	60.068
210	2	32	889.5	552.833	0	106.2	64.485	12.238	NA	0.333	NA	90	-23.199
211	2	33	886.833	554.833	0	131.6	67.819	11.314	NA	3.333	NA	143.13	53.13
212	2	34	889.833	550.833	0	21.9	72.819	11.705	NA	5	NA	-53.13	163.74
213	2	35	888.167	550.167	0	31.8	74.614	9.911	NA	1.795	NA	-158.199	-105.068
214	2	36	890.167	553.167	0	28.2	78.219	12.983	NA	3.606	NA	56.31	-145.491
215	2	37	892.5	551.5	0	11.9	81.087	14.441	NA	2.867	NA	-35.538	-91.848
216	2	38	894.833	550.167	0	21.9	83.774	16.344	NA	2.687	NA	-29.745	5.793
217	2	39	895.5	547.833	0	25.9	86.201	16.697	NA	2.427	NA	-74.055	-44.31
218	2	40	897.5	546.833	0	1.2	88.437	18.667	NA	2.236	NA	-26.565	47.49
219	2	41	899.167	550.5	0	11.9	92.465	20.661	NA	4.028	NA	65.556	92.121
220	2	42	900.167	551.5	0	82.9	93.879	21.838	NA	1.414	NA	45	-20.556
221	2	43	902.5	548.833	0	112.9	97.422	23.751	NA	3.543	NA	-48.814	-93.814
222	2	44	901.5	545.833	0	23.5	100.584	22.689	NA	3.162	NA	-108.435	-59.621
223	2	45	899.167	543.5	0	25.4	103.884	20.605	NA	3.3	NA	-135	-26.565
224	2	46	897.833	542.5	0	19.9	105.551	19.488	NA	1.667	NA	-143.13	-8.13
225	2	47	894.167	545.5	0	146.4	110.288	15.391	NA	4.738	NA	140.711	-76.159
226	2	48	894.833	540.833	0	32.4	115.002	17.088	NA	4.714	NA	-81.87	137.42
227	2	49	897.5	538.5	0	31.6	118.546	20.442	NA	3.543	NA	-41.186	40.684
228	2	50	894.833	537.167	0	23.3	121.527	18.693	NA	2.981	NA	-153.435	-112.249
229	2	51	893.167	536.167	0	41	123.471	17.867	NA	1.944	NA	-149.036	4.399
230	2	52	893.833	534.833	0	21.9	124.962	19.209	NA	1.491	NA	-63.435	85.601
231	2	53	895.167	533.833	0	21.9	126.628	20.875	NA	1.667	NA	-36.87	26.565
232	2	54	897.5	532.167	0	0.9	129.496	23.739	NA	2.867	NA	-35.538	1.332
233	2	55	898.833	533.167	0	31.1	131.162	24.223	NA	1.667	NA	36.87	72.408
234	2	56	900.833	534.5	0	17.5	133.566	25.221	NA	2.404	NA	33.69	-3.18
235	2	57	906.167	535.833	0	176.1	139.064	29.464	NA	5.497	NA	14.036	-19.654
236	2	58	903.833	534.167	0	24.5	141.931	28.026	NA	2.867	NA	-144.462	-158.499
237	2	59	905.167	532.833	0	59.3	143.817	29.824	NA	1.886	NA	-45	99.462
238	2	60	907.167	531.5	0	33	146.22	32.216	NA	2.404	NA	-33.69	11.31
239	2	61	909.5	529.833	0	29.1	149.088	35.063	NA	2.867	NA	-35.538	-1.848
240	2	62	914.167	533.167	0	67.5	154.823	37.884	NA	5.735	NA	35.538	71.075
241	2	63	914.167	529.833	0	26.7	158.156	39.21	NA	3.333	NA	-90	-125.538
242	2	64	910.833	526.5	0	23.3	162.87	37.914	NA	4.714	NA	-135	-45
243	2	65	907.833	530.5	0	38.5	167.87	33.283	NA	5	NA	126.87	-98.13
244	2	66	910.167	529.5	0	25.6	170.409	35.808	NA	2.539	NA	-23.199	-150.068
245	2	67	910.167	534.833	0	22.1	175.742	33.553	NA	5.333	NA	90	113.199
246	2	68	907.167	535.167	0	18.4	178.76	30.641	NA	3.018	NA	173.66	83.66
247	2	69	904.167	535.167	0	24.3	181.76	27.891	NA	3	NA	180	6.34
248	2	70	905.5	533.833	0	35.9	183.646	29.667	NA	1.886	NA	-45	135
249	2	71	905.5	533.833	0	36.9	183.646	29.667	NA	0	NA	0	45
250	2	72	908.5	535.167	0	38.5	186.929	31.878	NA	3.283	NA	23.962	23.962
251	2	73	916.5	537.833	0	145.8	195.362	38.727	NA	8.433	NA	18.435	-5.528
252	2	74	916.833	534.833	0	23.3	198.38	39.85	NA	3.018	NA	-83.66	-102.095
253	2	75	919.167	532.167	0	24.5	201.924	42.917	NA	3.543	NA	-48.814	34.846
254	2	76	923.833	529.833	0	2.3	207.141	48.104	NA	5.217	NA	-26.565	22.249
255	2	77	928.5	531.833	0	163.1	212.218	51.882	NA	5.077	NA	23.199	49.764
256	2	78	927.5	531.833	0	23.3	213.218	50.926	NA	1	NA	180	156.801
257	2	79	929.167	528.833	0	19.7	216.65	53.455	NA	3.432	NA	-60.945	119.055
258	2	80	928.833	525.833	0	20	219.669	54.231	NA	3.018	NA	-96.34	-35.395
259	2	81	926.833	526.5	0	28.9	221.777	52.129	NA	2.108	NA	161.565	-102.095
260	2	82	922.833	527.167	0	59.3	225.832	48.195	NA	4.055	NA	170.538	8.973
261	2	83	918.833	524.167	0	24.5	230.832	45.976	NA	5	NA	-143.13	46.332
262	2	84	920.833	522.5	0	43	233.435	48.54	NA	2.603	NA	-39.806	103.325
263	2	85	921.5	521.5	0	24.5	234.637	49.621	NA	1.202	NA	-56.31	-16.504
264	2	86	916.5	518.5	0	34	240.468	47.133	NA	5.831	NA	-149.036	-92.726
265	2	87	919.5	518.167	0	31.5	243.487	49.755	NA	3.018	NA	-6.34	142.696
266	2	88	921.833	516.167	0	32.6	246.56	52.815	NA	3.073	NA	-40.601	-34.261
267	2	89	924.167	514.167	0	34.9	249.633	55.877	NA	3.073	NA	-40.601	0
268	2	90	927.5	515.5	0	24.2	253.223	57.881	NA	3.59	NA	21.801	62.403
269	2	91	929.833	516.833	0	25.7	255.911	59.169	NA	2.687	NA	29.745	7.943
270	2	92	933.833	516.5	0	25.7	259.924	62.81	NA	4.014	NA	-4.764	-34.509
271	2	93	938.167	518.833	0	9.4	264.846	65.608	NA	4.922	NA	28.301	33.064
272	2	94	941.833	516.833	0	1.2	269.023	69.778	NA	4.177	NA	-28.61	-56.911
273	2	95	943.833	508.833	0	37.3	277.269	75.293	NA	8.246	NA	-75.964	-47.353
274	2	96	944.5	508.5	0	35.7	278.014	76.037	NA	0.745	NA	-26.565	49.399
275	2	97	946.5	509.5	0	15.3	280.25	77.282	NA	2.236	NA	26.565	53.13
276	2	98	943.833	508.5	0	37.3	283.098	75.462	NA	2.848	NA	-159.444	173.991
277	2	99	938.167	510.5	0	42.7	289.108	69.574	NA	6.009	NA	160.56	-39.996
278	2	100	937.833	510.5	0	56.7	289.441	69.29	NA	0.333	NA	180	19.44
279	2	101	934.5	507.833	0	42.7	293.71	67.969	NA	4.269	NA	-141.34	38.66
280	2	102	935.167	507.833	0	37.3	294.376	68.516	NA	0.667	NA	0	141.34
281	2	103	926.833	511.5	0	178.2	303.481	59.602	NA	9.104	NA	156.251	156.251
282	2	104	932.167	512.833	0	10.4	308.978	63.249	NA	5.497	NA	14.036	-142.214
283	2	105	940.167	513.5	0	38.3	317.006	69.806	NA	8.028	NA	4.764	-9.273
284	2	106	948.833	505.167	0	152.4	329.029	81.462	NA	12.023	NA	-43.877	-48.64
285	2	107	947.833	507.167	0	32.5	331.265	79.589	NA	2.236	NA	116.565	160.442
286	2	108	954.167	510.5	0	1.8	338.422	83.637	NA	7.157	NA	27.759	-88.807
287	2	109	959.5	505.833	0	64.9	345.509	90.488	NA	7.087	NA	-41.186	-68.944
288	2	110	959.833	500.167	0	42.8	351.185	93.481	NA	5.676	NA	-86.634	-45.448
289	2	111	957.167	500.833	0	61.9	353.934	90.841	NA	2.749	NA	165.964	-107.403
290	2	112	960.167	498.5	0	40.5	357.735	94.611	NA	3.801	NA	-37.875	156.161
291	2	113	961.833	497.833	0	24.5	359.53	96.385	NA	1.795	NA	-21.801	16.074
292	2	114	966.833	499.167	0	109.3	364.704	100.081	NA	5.175	NA	14.931	36.733
293	2	115	961.5	495.167	0	6.9	371.371	97.484	NA	6.667	NA	-143.13	-158.062
294	2	116	954.833	489.833	0	35.8	379.909	95	NA	8.537	NA	-141.34	1.79
295	2	117	953.167	488.167	0	64.2	382.266	94.695	NA	2.357	NA	-135	6.34
296	2	118	957.833	480.5	0	17.4	391.241	103.156	NA	8.975	NA	-58.671	76.329
297	2	119	950.167	476.833	0	38.2	399.739	99.942	NA	8.498	NA	-154.44	-95.769
298	2	120	953.167	476.5	0	52.2	402.758	102.334	NA	3.018	NA	-6.34	148.1
299	2	121	955.833	476.167	0	75.3	405.445	104.512	NA	2.687	NA	-7.125	-0.785
300	2	122	963.833	476.833	0	33.9	413.473	110.114	NA	8.028	NA	4.764	11.889
301	2	123	969.5	477.5	0	35.2	419.179	114.138	NA	5.706	NA	6.71	1.946
302	2	124	975.5	477.833	0	33.7	425.188	118.766	NA	6.009	NA	3.18	-3.53
303	2	125	978.833	472.833	0	68.3	431.197	124.403	NA	6.009	NA	-56.31	-59.49
304	2	126	984.5	478.167	0	61.7	438.979	126.018	NA	7.782	NA	43.264	99.574
305	2	127	990.5	474.833	0	67.7	445.843	132.866	NA	6.864	NA	-29.055	-72.319
306	2	128	991.5	470.5	0	35.2	450.29	136.09	NA	4.447	NA	-77.005	-47.951
307	2	129	991	470	0	109.2	450.997	135.959	NA	0.707	NA	-135	-57.995
308	2	130	991	461.5	0	41.9	459.497	140.937	NA	8.5	NA	-90	45
309	2	131	999	472	0	178	472.697	141.563	NA	13.2	NA	52.696	142.696
310	2	132	998.5	457.5	0	177.2	487.206	149.334	NA	14.509	NA	-91.975	-144.671
311	2	133	986	468	0	110.5	503.531	133.039	NA	16.325	NA	139.97	-128.055
312	2	134	981.5	467	0	95.4	508.14	130.053	NA	4.61	NA	-167.471	52.559
313	2	135	979.5	463.5	0	29.4	512.172	130.684	NA	4.031	NA	-119.745	47.726
314	2	136	976.5	466.5	0	45.6	516.414	126.46	NA	4.243	NA	135	-105.255
315	2	137	982	462.5	0	110.5	523.215	133.25	NA	6.801	NA	-36.027	-171.027
316	2	138	989.5	456.5	0	73.2	532.82	142.854	NA	9.605	NA	-38.66	-2.632
317	2	139	994	460.5	0	73	538.84	143.933	NA	6.021	NA	41.634	80.293
318	2	140	1006	460	0	57.2	550.851	153.985	NA	12.01	NA	-2.386	-44.019
319	2	141	1015	453	0	60.3	562.253	165.366	NA	11.402	NA	-37.875	-35.489
320	2	142	1016.5	451.5	0	19.5	564.374	167.453	NA	2.121	NA	-45	-7.125
321	2	143	1022.5	446	0	59.2	572.513	175.521	NA	8.139	NA	-42.51	2.49
322	2	144	1041	440	0	9.6	591.962	194.194	NA	19.449	NA	-17.969	24.541
323	2	145	1029.5	440.5	0	36.2	603.473	184.41	NA	11.511	NA	177.51	-164.52
324	2	146	1039.5	420.5	0	176.9	625.834	204.387	NA	22.361	NA	-63.435	119.055
325	2	147	1030	429.5	0	45.2	638.92	191.36	NA	13.086	NA	136.548	-160.017
326	2	148	1022.5	426	0	15	647.196	187.725	NA	8.276	NA	-154.983	68.469
327	2	149	1014.5	409.5	0	163.8	665.533	193.044	NA	18.337	NA	-115.866	39.117
328	2	150	1019	415	0	88.4	672.64	192.423	NA	7.106	NA	50.711	166.577
329	2	151	1019	406.5	0	63.8	681.14	198.343	NA	8.5	NA	-90	-140.711
330	2	152	1022.5	403	0	36.8	686.089	203.293	NA	4.95	NA	-45	45
331	2	153	1029.5	396	0	23.2	695.989	213.193	NA	9.899	NA	-45	0
332	2	154	1031.5	396.5	0	24.4	698.051	214.26	NA	2.062	NA	14.036	59.036
333	2	155	1039	394	0	49.8	705.956	221.385	NA	7.906	NA	-18.435	-32.471
334	2	156	1039.5	395.5	0	12.6	707.537	220.716	NA	1.581	NA	71.565	90
335	2	157	1057	394	0	50.2	725.102	234.737	NA	17.564	NA	-4.899	-76.464
336	2	158	1073	380.5	0	53.6	746.036	255.671	NA	20.934	NA	-40.156	-35.257
337	2	159	1094.5	396.5	0	163.9	772.836	262.892	NA	26.8	NA	36.656	76.812
338	2	160	1095	389	0	77.8	780.353	267.655	NA	7.517	NA	-86.186	-122.842
339	2	161	1107	376.5	0	118.6	797.681	284.734	NA	17.328	NA	-46.169	40.017
340	2	162	1103	372.5	0	38.4	803.337	283.977	NA	5.657	NA	-135	-88.831
341	2	163	1095.5	372	0	46.8	810.854	278.408	NA	7.517	NA	-176.186	-41.186
342	2	164	1091	364	0	86.4	820.033	280.076	NA	9.179	NA	-119.358	56.828
343	2	165	1100.5	371	0	32.8	831.833	282.937	NA	11.8	NA	36.384	155.742
344	2	166	1097	366.5	0	101.4	837.534	283.049	NA	5.701	NA	-127.875	-164.259
345	2	167	1084	377	0	58.2	854.245	266.339	NA	16.711	NA	141.072	-91.053
346	2	168	1076	364.5	0	42.8	869.086	268.552	NA	14.841	NA	-122.619	96.308
347	2	169	1081	366	0	82.6	874.306	271.242	NA	5.22	NA	16.699	139.318
348	2	170	1081.5	370.5	0	34.1	878.834	268.64	NA	4.528	NA	83.66	66.961
349	2	171	1088.167	353.167	0	69	897.405	285.179	NA	18.571	NA	-68.962	-152.622
350	2	172	1096.833	341.833	0	43	911.672	299.247	NA	14.267	NA	-52.595	16.368
351	2	173	1112.167	342.5	0	73.2	927.02	310.156	NA	15.348	NA	2.49	55.084
352	2	174	1120.167	335.167	0	82.6	937.872	321.006	NA	10.853	NA	-42.51	-45
353	2	175	1135.5	333.167	0	33.8	953.336	333.963	NA	15.463	NA	-7.431	35.079
354	2	176	1140.167	321.167	0	60.7	966.211	345.283	NA	12.875	NA	-68.749	-61.318
355	2	177	1148.833	315.167	0	38.4	976.752	355.766	NA	10.541	NA	-34.695	34.054
356	2	179	1130.167	326.5	0	121.4	998.59	334.238	NA	21.838	NA	148.736	-176.569
