Nr	TID	PID	x [pixel]	y [pixel]	t [sec]	I [val]	Len [pixel]	D2S [pixel]	D2R [pixel]	D2P [pixel]	v [pixel/sec]	? [deg]	?? [deg]
1	1	1	728.5	672.167	0	25.3	0	0	NA	NA	NA	NA	NA
2	1	2	730.167	672.5	0	30.5	1.7	1.7	NA	1.7	NA	11.31	NA
3	1	3	732.167	670.5	0	34	4.528	4.028	NA	2.828	NA	-45	-56.31
4	1	4	735.167	673.167	0	10.6	8.542	6.741	NA	4.014	NA	41.634	86.634
5	1	5	733.167	672.833	0	16	10.57	4.714	NA	2.028	NA	-170.538	147.829
6	1	6	732.833	671.5	0	31.6	11.944	4.384	NA	1.374	NA	-104.036	66.501
7	1	7	733.833	669.167	0	11.7	14.483	6.119	NA	2.539	NA	-66.801	37.235
8	1	8	732.833	670.5	0	33	16.149	4.643	NA	1.667	NA	126.87	-166.329
9	1	9	732.5	670.833	0	36	16.621	4.216	NA	0.471	NA	135	8.13
10	1	10	732.5	670.5	0	29	16.954	4.333	NA	0.333	NA	-90	135
11	1	11	732.833	668.167	0	3.9	19.311	5.897	NA	2.357	NA	-81.87	8.13
12	1	12	731.5	669.5	0	17.6	21.197	4.014	NA	1.886	NA	135	-143.13
13	1	13	730.833	668.167	0	43.1	22.687	4.631	NA	1.491	NA	-116.565	108.435
14	1	14	732.5	669.5	0	26	24.822	4.807	NA	2.134	NA	38.66	155.225
15	1	15	733.833	670.167	0	30.2	26.312	5.696	NA	1.491	NA	26.565	-12.095
16	1	16	732.5	670.167	0	31.6	27.646	4.472	NA	1.333	NA	180	153.435
17	1	17	732.167	668.167	0	31.4	29.673	5.426	NA	2.028	NA	-99.462	80.538
18	1	18	731.167	667.833	0	26.9	30.727	5.088	NA	1.054	NA	-161.565	-62.103
19	1	19	730.167	668.167	0	26.7	31.781	4.333	NA	1.054	NA	161.565	-36.87
20	1	20	732.167	665.5	0	41.1	35.115	7.608	NA	3.333	NA	-53.13	145.305
21	1	21	734.833	665.5	0	2.4	37.781	9.195	NA	2.667	NA	0	53.13
22	1	22	736.5	669.5	0	123.6	42.115	8.433	NA	4.333	NA	67.38	67.38
23	1	23	734.833	666.5	0	26.8	45.547	8.498	NA	3.432	NA	-119.055	173.565
24	1	24	734.5	664.167	0	2.4	47.904	10	NA	2.357	NA	-98.13	20.925
25	1	25	733.167	665.167	0	38.6	49.57	8.413	NA	1.667	NA	143.13	-118.74
26	1	26	732.167	665.5	0	25.9	50.624	7.608	NA	1.054	NA	161.565	18.435
27	1	27	733.167	664.167	0	47.8	52.291	9.262	NA	1.667	NA	-53.13	145.305
28	1	28	734.167	663.167	0	32.7	53.705	10.635	NA	1.414	NA	-45	8.13
29	1	29	736.5	664.167	0	3.9	56.244	11.314	NA	2.539	NA	23.199	68.199
30	1	30	737.833	662.5	0	3.9	58.378	13.437	NA	2.134	NA	-51.34	-74.539
31	1	31	736.167	661.5	0	22	60.322	13.136	NA	1.944	NA	-149.036	-97.696
32	1	32	733.833	660.833	0	36	62.749	12.526	NA	2.427	NA	-164.055	-15.018
33	1	33	733.5	661.833	0	27	63.803	11.479	NA	1.054	NA	108.435	-87.51
34	1	34	734.5	659.833	0	38.6	66.039	13.715	NA	2.236	NA	-63.435	-171.87
35	1	35	736.167	660.833	0	24.3	67.982	13.683	NA	1.944	NA	30.964	94.399
36	1	36	736.5	657.5	0	2.4	71.332	16.707	NA	3.35	NA	-84.289	-115.253
37	1	37	735.833	655.833	0	4.8	73.127	17.904	NA	1.795	NA	-111.801	-27.512
38	1	38	736.5	655.833	0	16.2	73.794	18.187	NA	0.667	NA	0	111.801
39	1	39	738.833	657.167	0	20.2	76.482	18.215	NA	2.687	NA	29.745	29.745
40	1	40	740.167	656.5	0	9.7	77.972	19.533	NA	1.491	NA	-26.565	-56.31
41	1	41	739.833	655.5	0	19.8	79.026	20.155	NA	1.054	NA	-108.435	-81.87
42	1	42	737.5	654.167	0	40.5	81.714	20.125	NA	2.687	NA	-150.255	-41.82
43	1	43	735.5	653.5	0	38.4	83.822	19.936	NA	2.108	NA	-161.565	-11.31
44	1	44	734.5	654.833	0	25.9	85.489	18.342	NA	1.667	NA	126.87	-71.565
45	1	45	734.5	654.5	0	29.2	85.822	18.658	NA	0.333	NA	-90	143.13
46	1	46	735.833	652.5	0	50.1	88.226	20.989	NA	2.404	NA	-56.31	33.69
47	1	47	740.833	654.167	0	2.4	93.496	21.82	NA	5.27	NA	18.435	74.745
48	1	48	742.833	656.833	0	15	96.829	20.989	NA	3.333	NA	53.13	34.695
49	1	49	743.5	658.5	0	97.7	98.625	20.292	NA	1.795	NA	68.199	15.068
50	1	50	744.833	656.167	0	23.6	101.312	22.864	NA	2.687	NA	-60.255	-128.454
51	1	51	746.167	653.5	0	33.9	104.293	25.701	NA	2.981	NA	-63.435	-3.18
52	1	52	748.167	654.167	0	40.9	106.402	26.66	NA	2.108	NA	18.435	81.87
53	1	53	750.5	655.833	0	19	109.269	27.4	NA	2.867	NA	35.538	17.103
54	1	54	753.5	657.167	0	25.6	112.552	29.155	NA	3.283	NA	23.962	-11.575
55	1	55	749.833	661.167	0	58.4	117.978	24.002	NA	5.426	NA	132.51	108.548
56	1	56	745.167	658.5	0	11.9	123.353	21.554	NA	5.375	NA	-150.255	77.234
57	1	57	742.167	661.167	0	23.2	127.367	17.544	NA	4.014	NA	138.366	-71.378
58	1	58	736.5	661.833	0	9.9	133.073	13.068	NA	5.706	NA	173.29	34.924
59	1	59	736.167	662.167	0	21.3	133.544	12.601	NA	0.471	NA	135	-38.29
60	1	60	738.167	661.5	0	36.3	135.652	14.395	NA	2.108	NA	-18.435	-153.435
61	1	61	743.167	662.833	0	4.6	140.827	17.385	NA	5.175	NA	14.931	33.366
62	1	62	742.5	665.167	0	15.2	143.254	15.652	NA	2.427	NA	105.945	91.014
63	1	63	740.833	665.833	0	3.9	145.049	13.864	NA	1.795	NA	158.199	52.253
64	1	64	745.833	667.167	0	37.3	150.223	18.04	NA	5.175	NA	14.931	-143.267
65	1	65	747.167	665.833	0	24.6	152.109	19.712	NA	1.886	NA	-45	-59.931
66	1	66	750.167	663.5	0	30.2	155.91	23.336	NA	3.801	NA	-37.875	7.125
67	1	67	754.167	662.167	0	38.5	160.126	27.546	NA	4.216	NA	-18.435	19.44
68	1	68	759.167	663.167	0	19.6	165.225	31.96	NA	5.099	NA	11.31	29.745
69	1	69	760.167	664.5	0	17.2	166.892	32.582	NA	1.667	NA	53.13	41.82
70	1	70	762.167	663.833	0	40	169	34.683	NA	2.108	NA	-18.435	-71.565
71	1	71	763.833	662.167	0	22.2	171.357	36.721	NA	2.357	NA	-45	-26.565
72	1	72	763.5	659.5	0	53.6	174.044	37.222	NA	2.687	NA	-97.125	-52.125
73	1	73	768.5	661.167	0	24.5	179.315	41.485	NA	5.27	NA	18.435	115.56
74	1	74	770.833	658.5	0	38.5	182.858	44.485	NA	3.543	NA	-48.814	-67.249
75	1	75	770.5	655.167	0	15.3	186.208	45.31	NA	3.35	NA	-95.711	-46.897
76	1	76	774.167	656.167	0	44.3	190.009	48.388	NA	3.801	NA	15.255	110.966
77	1	77	775.5	656.5	0	24.2	191.383	49.542	NA	1.374	NA	14.036	-1.219
78	1	78	771.833	658.833	0	9.6	195.729	45.338	NA	4.346	NA	147.529	133.493
79	1	79	765.167	655.833	0	42	203.04	40.14	NA	7.311	NA	-155.772	56.699
80	1	80	758.833	654.5	0	24.5	209.512	35.103	NA	6.472	NA	-168.111	-12.339
81	1	81	758.5	651.167	0	9.1	212.862	36.62	NA	3.35	NA	-95.711	72.401
82	1	82	768.167	651.5	0	3.6	222.534	44.728	NA	9.672	NA	1.975	97.686
83	1	83	764.5	650.5	0	24	226.335	42.017	NA	3.801	NA	-164.745	-166.72
84	1	84	768.5	652.833	0	43.9	230.966	44.427	NA	4.631	NA	30.256	-164.999
85	1	85	773.5	650.833	0	40.9	236.351	49.801	NA	5.385	NA	-21.801	-52.058
86	1	86	776.833	651.5	0	46.6	239.75	52.566	NA	3.399	NA	11.31	33.111
87	1	87	783.833	650.5	0	31.2	246.821	59.424	NA	7.071	NA	-8.13	-19.44
88	1	88	788.5	652.5	0	36.3	251.899	63.141	NA	5.077	NA	23.199	31.329
89	1	89	793.5	648.833	0	10.2	258.099	69.061	NA	6.2	NA	-36.254	-59.452
90	1	90	793.167	653.833	0	11.6	263.11	67.215	NA	5.011	NA	93.814	130.068
91	1	91	785.167	650.167	0	76.7	271.91	60.787	NA	8.8	NA	-155.376	110.809
92	1	92	776.5	657.167	0	30	283.051	50.289	NA	11.141	NA	141.072	-63.551
93	1	93	766.5	659.5	0	74.6	293.319	40.056	NA	10.269	NA	166.866	25.794
94	1	94	758.5	657.5	0	176.3	301.566	33.393	NA	8.246	NA	-165.964	27.17
95	1	95	763.5	657.167	0	42.1	306.577	38.079	NA	5.011	NA	-3.814	162.15
96	1	96	773.5	660.167	0	26.7	317.017	46.573	NA	10.44	NA	16.699	20.513
97	1	97	776.833	667.5	0	179.2	325.072	48.558	NA	8.055	NA	65.556	48.857
98	1	98	774.5	664.5	0	82.6	328.873	46.635	NA	3.801	NA	-127.875	166.569
99	1	99	778.5	666.833	0	43.9	333.504	50.284	NA	4.631	NA	30.256	158.131
100	1	100	781.5	668.167	0	70.9	336.787	53.151	NA	3.283	NA	23.962	-6.294
101	1	101	786.5	669.5	0	37.1	341.961	58.061	NA	5.175	NA	14.931	-9.031
102	1	102	795.833	672.167	0	181.6	351.668	67.333	NA	9.707	NA	15.945	1.014
103	1	103	794.167	673.167	0	15.9	353.612	65.674	NA	1.944	NA	149.036	133.091
104	1	104	793.833	667.5	0	57.2	359.288	65.5	NA	5.676	NA	-93.366	117.597
105	1	105	795.167	674.5	0	17.5	366.414	66.707	NA	7.126	NA	79.216	172.582
106	1	106	799.833	675.833	0	39.6	371.268	71.428	NA	4.853	NA	15.945	-63.27
107	1	107	802.167	672.167	0	22.2	375.614	73.667	NA	4.346	NA	-57.529	-73.474
108	1	108	802.167	668.5	0	102.4	379.28	73.758	NA	3.667	NA	-90	-32.471
109	1	109	809.167	670.167	0	25.5	386.476	80.691	NA	7.196	NA	13.392	103.392
110	1	110	814.5	668.833	0	33.5	391.974	86.065	NA	5.497	NA	-14.036	-27.429
111	1	111	819.5	671.5	0	32.9	397.64	91.002	NA	5.667	NA	28.072	42.109
112	1	112	815.5	674.167	0	39.9	402.448	87.023	NA	4.807	NA	146.31	118.237
113	1	113	803.833	674.5	0	21.9	414.119	75.369	NA	11.671	NA	178.363	32.053
114	1	114	792.167	670.833	0	207.4	426.348	63.681	NA	12.229	NA	-162.553	19.084
115	1	115	794.5	668.5	0	34.9	429.648	66.102	NA	3.3	NA	-45	117.553
116	1	116	798.167	668.5	0	90.7	433.315	69.763	NA	3.667	NA	0	45
117	1	117	804.167	664.5	0	95.5	440.526	76.054	NA	7.211	NA	-33.69	-33.69
118	1	118	811.167	669.167	0	14.9	448.939	82.721	NA	8.413	NA	33.69	67.38
119	1	119	813.5	674.167	0	60.8	454.457	85.024	NA	5.518	NA	64.983	31.293
120	1	120	820.167	675.5	0	32.7	461.255	91.727	NA	6.799	NA	11.31	-53.673
121	1	121	836.167	675.167	0	66.3	477.259	107.708	NA	16.003	NA	-1.193	-12.503
122	1	122	839.5	676.5	0	26.7	480.849	111.085	NA	3.59	NA	21.801	22.995
123	1	123	844.167	681.167	0	86.3	487.448	116.016	NA	6.6	NA	45	23.199
124	1	124	839.167	683.833	0	31.5	493.115	111.28	NA	5.667	NA	151.928	106.928
125	1	125	834.167	687.833	0	52.5	499.518	106.822	NA	6.403	NA	141.34	-10.587
126	1	126	823.833	688.167	0	53.9	509.857	96.667	NA	10.339	NA	178.152	36.812
127	1	127	812.167	694.833	0	31.3	523.294	86.683	NA	13.437	NA	150.255	-27.897
128	1	128	807.167	698.833	0	139.9	529.697	83.064	NA	6.403	NA	141.34	-8.915
129	1	129	813.5	700.167	0	20	536.169	89.493	NA	6.472	NA	11.889	-129.452
130	1	130	822.833	700.167	0	38.5	545.503	98.401	NA	9.333	NA	0	-11.889
131	1	131	828.5	704.833	0	22.1	552.844	105.2	NA	7.341	NA	39.472	39.472
132	1	132	830.167	712.5	0	47.7	560.689	109.375	NA	7.846	NA	77.735	38.263
133	1	133	828.833	715.167	0	40.7	563.671	109.159	NA	2.981	NA	116.565	38.83
134	1	134	836.833	717.833	0	70.8	572.103	117.565	NA	8.433	NA	18.435	-98.13
135	1	135	848.833	720.167	0	46.6	584.328	129.554	NA	12.225	NA	11.004	-7.431
136	1	136	847	719.5	0	114.1	586.279	127.604	NA	1.951	NA	-160.017	-171.02
137	1	137	857.5	717	0	78.3	597.073	136.569	NA	10.794	NA	-13.392	146.624
138	1	138	868	732	0	202.7	615.382	151.79	NA	18.31	NA	55.008	68.4
139	1	139	867.5	725.5	0	86.4	621.902	148.881	NA	6.519	NA	-94.399	-149.407
140	1	140	874.5	719.5	0	148	631.121	153.481	NA	9.22	NA	-40.601	53.797
141	1	141	876.5	731.5	0	57.2	643.287	159.45	NA	12.166	NA	80.538	121.139
142	1	142	880.5	734	0	62.9	648.004	164.096	NA	4.717	NA	32.005	-48.532
143	1	143	895	729	0	137.6	663.342	175.933	NA	15.338	NA	-19.026	-51.031
144	1	144	894	734	0	36.9	668.441	176.674	NA	5.099	NA	101.31	120.336
145	1	145	900.5	736.5	0	37.2	675.405	183.638	NA	6.964	NA	21.038	-80.272
146	1	146	892	736	0	40.9	683.919	175.519	NA	8.515	NA	-176.634	162.329
147	1	147	877.5	736.5	0	43.9	698.428	162.295	NA	14.509	NA	178.025	-5.341
148	1	148	872	741	0	64.9	705.534	159.155	NA	7.106	NA	140.711	-37.314
149	1	149	868.5	741	0	22.9	709.034	156.006	NA	3.5	NA	180	39.289
150	1	150	882.5	747.5	0	33.9	724.47	171.438	NA	15.435	NA	24.905	-155.095
151	1	151	887	740	0	85.9	733.216	172.405	NA	8.746	NA	-59.036	-83.941
152	1	152	894.5	743	0	59.4	741.294	180.481	NA	8.078	NA	21.801	80.838
153	1	153	914	748.5	0	52.6	761.555	200.592	NA	20.261	NA	15.751	-6.05
154	1	154	925	750.5	0	57.1	772.735	211.538	NA	11.18	NA	10.305	-5.446
155	1	155	938	755	0	35.7	786.492	225.281	NA	13.757	NA	19.093	8.789
156	1	156	954.5	759	0	66.4	803.47	242.107	NA	16.978	NA	13.627	-5.466
157	1	157	968.5	767.5	0	39.7	819.848	258.241	NA	16.378	NA	31.264	17.637
158	1	158	959	772.5	0	36.7	830.584	251.39	NA	10.735	NA	152.241	120.978
159	1	159	947.5	778	0	50.9	843.331	243.232	NA	12.748	NA	154.44	2.199
160	1	160	933	784.5	0	41.9	859.221	233.322	NA	15.89	NA	155.854	1.414
161	1	161	921.5	789.5	0	38.2	871.761	225.867	NA	12.54	NA	156.501	0.647
162	1	162	940	802	0	46.9	894.088	248.171	NA	22.327	NA	34.046	-122.455
163	1	163	954.5	802.5	0	41.9	908.597	260.888	NA	14.509	NA	1.975	-32.071
164	1	164	957	811.5	0	43.9	917.938	267.63	NA	9.341	NA	74.476	72.501
165	1	165	959	817	0	78.9	923.79	272.226	NA	5.852	NA	70.017	-4.459
166	1	166	965.5	828.5	0	35.9	937	283.917	NA	13.21	NA	60.524	-9.493
167	1	167	978	833	0	23.3	950.285	296.846	NA	13.285	NA	19.799	-40.725
168	1	168	974	823.5	0	14.9	960.593	288.396	NA	10.308	NA	-112.834	-132.633
169	1	169	1005	839	0	151.4	995.252	322.933	NA	34.659	NA	26.565	139.399
170	1	170	997.5	833.5	0	28.9	1004.553	313.671	NA	9.301	NA	-143.746	-170.311
171	1	171	1006.5	842.5	0	9.2	1017.281	326.033	NA	12.728	NA	45	-171.254
172	1	172	1015	847.5	0	34.9	1027.142	335.893	NA	9.862	NA	30.466	-14.534
173	1	173	1025	853	0	38.2	1038.555	347.294	NA	11.413	NA	28.811	-1.655
174	1	174	1027.5	859.5	0	22	1045.519	352.838	NA	6.964	NA	68.962	40.152
175	1	175	1039.5	854.5	0	40.7	1058.519	360.509	NA	13	NA	-22.62	-91.582
176	1	176	1045.167	863.5	0	29.1	1069.154	369.981	NA	10.635	NA	57.804	80.424
177	1	177	1073.167	856.167	0	36	1098.099	390.706	NA	28.944	NA	-14.676	-72.481
178	1	178	1095.833	854.833	0	8.9	1120.805	410.245	NA	22.706	NA	-3.366	11.31
179	1	179	1049.167	846.167	0	105.9	1168.269	364.833	NA	47.465	NA	-169.479	-166.113
180	1	180	1050.5	842.833	0	54.9	1171.859	364.433	NA	3.59	NA	-68.199	101.281
181	1	181	1054.5	849.5	0	150	1179.634	371.111	NA	7.775	NA	59.036	127.235
182	1	182	1038.5	856.833	0	93.7	1197.234	360.835	NA	17.601	NA	155.376	96.34
183	1	183	1049.833	871.5	0	24	1215.77	378.139	NA	18.535	NA	52.306	-103.071
184	1	184	1065.167	868.167	0	32.8	1231.461	389.564	NA	15.691	NA	-12.265	-64.571
185	1	185	1054.5	846.167	0	53.4	1255.911	369.529	NA	24.449	NA	-115.866	-103.602
186	1	187	1056.5	860.167	0	59	1270.053	378.058	NA	14.142	NA	81.87	-162.264
187	2	1	725.5	552.833	0	11.8	0	0	NA	NA	NA	NA	NA
188	2	2	726.833	552.5	0	5.1	1.374	1.374	NA	1.374	NA	-14.036	NA
189	2	3	726.833	556.5	0	24.6	5.374	3.902	NA	4	NA	90	104.036
190	2	4	725.167	555.167	0	30.3	7.509	2.357	NA	2.134	NA	-141.34	128.66
191	2	5	727.5	554.833	0	19.8	9.866	2.828	NA	2.357	NA	-8.13	133.21
192	2	6	728.5	555.5	0	19.8	11.068	4.014	NA	1.202	NA	33.69	41.82
193	2	7	731.167	552.5	0	12.8	15.081	5.676	NA	4.014	NA	-48.366	-82.057
194	2	8	729.833	554.833	0	18.8	17.769	4.773	NA	2.687	NA	119.745	168.111
195	2	9	726.833	552.167	0	15.4	21.783	1.491	NA	4.014	NA	-138.366	101.889
196	2	10	729.833	557.5	0	50	27.902	6.368	NA	6.119	NA	60.642	-160.991
197	2	11	729.167	553.5	0	29.4	31.957	3.727	NA	4.055	NA	-99.462	-160.105
198	2	12	731.833	551.167	0	13.2	35.501	6.549	NA	3.543	NA	-41.186	58.276
199	2	13	730.833	550.5	0	23.7	36.702	5.821	NA	1.202	NA	-146.31	-105.124
200	2	14	728.833	551.5	0	24.2	38.938	3.59	NA	2.236	NA	153.435	-60.255
201	2	15	727.833	549.5	0	24.6	41.174	4.069	NA	2.236	NA	-116.565	90
202	2	16	732.167	549.167	0	3.6	45.521	7.608	NA	4.346	NA	-4.399	112.166
203	2	17	732.5	554.167	0	39.9	50.532	7.126	NA	5.011	NA	86.186	90.585
204	2	18	730.167	550.833	0	25.6	54.601	5.077	NA	4.069	NA	-124.992	148.822
205	2	19	729.833	547.167	0	16.6	58.282	7.134	NA	3.682	NA	-95.194	29.798
206	2	20	728.5	548.833	0	25.6	60.417	5	NA	2.134	NA	128.66	-136.146
207	2	21	731.5	549.833	0	23.4	63.579	6.708	NA	3.162	NA	18.435	-110.225
208	2	22	734.167	547.833	0	7.5	66.912	10.006	NA	3.333	NA	-36.87	-55.305
209	2	23	731.167	549.167	0	24.4	70.195	6.749	NA	3.283	NA	156.038	-167.093
210	2	24	729.167	547.833	0	24.6	72.599	6.2	NA	2.404	NA	-146.31	57.653
211	2	25	730.833	546.167	0	21.1	74.956	8.537	NA	2.357	NA	-45	101.31
212	2	26	731.833	549.5	0	28.4	78.436	7.157	NA	3.48	NA	73.301	118.301
213	2	27	734.167	550.5	0	23.6	80.975	8.975	NA	2.539	NA	23.199	-50.102
214	2	28	735.833	546.167	0	76	85.618	12.297	NA	4.643	NA	-68.962	-92.161
215	2	29	734.5	545.167	0	14.2	87.284	11.823	NA	1.667	NA	-143.13	-74.168
216	2	30	731.5	542.5	0	31.4	91.298	11.949	NA	4.014	NA	-138.366	4.764
217	2	31	728.833	546.5	0	5.3	96.105	7.157	NA	4.807	NA	123.69	-97.943
218	2	32	731.5	546.167	0	37.2	98.793	8.969	NA	2.687	NA	-7.125	-130.815
219	2	33	735.833	541.5	0	67.2	105.161	15.337	NA	6.368	NA	-47.121	-39.996
220	2	34	733.833	541.5	0	8.4	107.161	14.067	NA	2	NA	180	-132.879
221	2	35	732.833	541.5	0	25.7	108.161	13.499	NA	1	NA	180	0
222	2	36	734.833	538.833	0	3.9	111.495	16.826	NA	3.333	NA	-53.13	126.87
223	2	37	736.5	538.833	0	2.7	113.161	17.804	NA	1.667	NA	0	53.13
224	2	38	738.833	540.5	0	13.2	116.029	18.163	NA	2.867	NA	35.538	35.538
225	2	39	739.833	537.5	0	38.4	119.191	20.989	NA	3.162	NA	-71.565	-107.103
226	2	40	738.167	535.833	0	0.9	121.548	21.2	NA	2.357	NA	-135	-63.435
227	2	41	736.5	535.833	0	15.5	123.215	20.248	NA	1.667	NA	180	-45
228	2	42	735.833	535.5	0	23.5	123.96	20.18	NA	0.745	NA	-153.435	26.565
229	2	43	738.5	533.167	0	16	127.503	23.575	NA	3.543	NA	-41.186	112.249
230	2	44	740.5	535.167	0	1.5	130.332	23.176	NA	2.828	NA	45	86.186
231	2	45	741.833	537.5	0	6	133.019	22.403	NA	2.687	NA	60.255	15.255
232	2	46	743.167	537.833	0	10.5	134.394	23.176	NA	1.374	NA	14.036	-46.219
233	2	47	745.833	534.5	0	12	138.662	27.378	NA	4.269	NA	-51.34	-65.376
234	2	48	745.833	532.833	0	2.4	140.329	28.521	NA	1.667	NA	-90	-38.66
235	2	49	751.5	535.833	0	118.9	146.741	31.064	NA	6.412	NA	27.897	117.897
236	2	50	750.833	532.5	0	6	150.14	32.484	NA	3.399	NA	-101.31	-129.207
237	2	51	752.5	528.167	0	125.7	154.783	36.571	NA	4.643	NA	-68.962	32.347
238	2	52	749.5	530.833	0	18.8	158.797	32.558	NA	4.014	NA	138.366	-152.671
239	2	53	751.833	532.833	0	20	161.87	33.067	NA	3.073	NA	40.601	-97.765
240	2	54	754.167	533.167	0	16	164.227	34.764	NA	2.357	NA	8.13	-32.471
241	2	55	757.833	535.5	0	130.4	168.573	36.686	NA	4.346	NA	32.471	24.341
242	2	56	755.167	536.167	0	20	171.322	34.028	NA	2.749	NA	165.964	133.493
243	2	57	750.833	538.167	0	23.5	176.094	29.273	NA	4.773	NA	155.225	-10.739
244	2	58	747.5	538.167	0	2.7	179.428	26.441	NA	3.333	NA	180	24.775
245	2	59	745.5	533.833	0	22.2	184.2	27.586	NA	4.773	NA	-114.775	65.225
246	2	60	748.5	532.5	0	22.2	187.483	30.699	NA	3.283	NA	-23.962	90.813
247	2	61	753.167	535.167	0	40	192.858	32.826	NA	5.375	NA	29.745	53.707
248	2	62	749.167	531.833	0	25.8	198.065	31.64	NA	5.207	NA	-140.194	-169.939
249	2	63	746.5	529.5	0	29.4	201.608	31.392	NA	3.543	NA	-138.814	1.38
250	2	64	742.833	534.833	0	101.6	208.081	24.989	NA	6.472	NA	124.509	-96.677
251	2	65	748.833	537.833	0	107.3	214.789	27.739	NA	6.708	NA	26.565	-97.943
252	2	66	755.167	534.167	0	19.9	222.107	35.051	NA	7.318	NA	-30.069	-56.634
253	2	67	757.833	530.833	0	16.5	226.376	39.108	NA	4.269	NA	-51.34	-21.272
254	2	68	758.833	527.5	0	19.6	229.856	41.868	NA	3.48	NA	-73.301	-21.961
255	2	69	761.5	525.5	0	1.8	233.189	45.201	NA	3.333	NA	-36.87	36.431
256	2	70	765.5	529.167	0	17.5	238.615	46.477	NA	5.426	NA	42.51	79.38
257	2	71	767.5	531.167	0	9.3	241.444	47.259	NA	2.828	NA	45	2.49
258	2	72	772.833	527.833	0	144.5	247.733	53.53	NA	6.289	NA	-32.005	-77.005
259	2	73	770.833	524.167	0	26.7	251.91	53.637	NA	4.177	NA	-118.61	-86.605
260	2	74	767.5	522.167	0	13.9	255.797	52.004	NA	3.887	NA	-149.036	-30.426
261	2	75	762.833	518.167	0	26.7	261.943	50.947	NA	6.146	NA	-139.399	9.638
262	2	76	761.833	515.5	0	32.4	264.791	52.095	NA	2.848	NA	-110.556	28.843
263	2	77	759.167	512.167	0	29.2	269.06	52.794	NA	4.269	NA	-128.66	-18.104
264	2	78	756.5	514.5	0	12.7	272.604	49.3	NA	3.543	NA	138.814	-92.526
265	2	79	761.833	514.5	0	5.7	277.937	52.816	NA	5.333	NA	0	-138.814
266	2	80	759.5	511.167	0	24.3	282.006	53.778	NA	4.069	NA	-124.992	-124.992
267	2	81	758.5	507.833	0	13.9	285.486	55.803	NA	3.48	NA	-106.699	18.293
268	2	82	757.833	504.167	0	37.3	289.213	58.428	NA	3.727	NA	-100.305	6.394
269	2	83	760.833	501.167	0	31.1	293.455	62.593	NA	4.243	NA	-45	55.305
270	2	84	763.167	501.5	0	63.9	295.812	63.67	NA	2.357	NA	8.13	53.13
271	2	85	768.167	500.167	0	36.7	300.987	67.781	NA	5.175	NA	-14.931	-23.062
272	2	86	774.5	495.5	0	4.5	308.854	75.42	NA	7.867	NA	-36.384	-21.453
273	2	87	780.833	497.833	0	64.1	315.603	78.018	NA	6.749	NA	20.225	56.609
274	2	88	783.833	495.167	0	34.1	319.617	82.026	NA	4.014	NA	-41.634	-61.858
275	2	89	781.167	490.5	0	23.1	324.992	83.572	NA	5.375	NA	-119.745	-78.111
276	2	90	785.167	493.5	0	22.7	329.992	84.146	NA	5	NA	36.87	156.615
277	2	91	786.833	494.833	0	66	332.127	84.414	NA	2.134	NA	38.66	1.79
278	2	92	781.167	490.5	0	40.9	339.26	83.572	NA	7.134	NA	-142.595	178.746
279	2	93	770.833	495.167	0	138.3	350.598	73.352	NA	11.338	NA	155.695	-61.71
280	2	94	777.5	495.167	0	52.4	357.265	77.649	NA	6.667	NA	0	-155.695
281	2	95	786.5	490.833	0	185.1	367.254	86.977	NA	9.989	NA	-25.71	-25.71
282	2	96	780.5	489.5	0	21.7	373.4	83.882	NA	6.146	NA	-167.471	-141.761
283	2	97	775.833	492.833	0	31.4	379.135	78.316	NA	5.735	NA	144.462	-48.066
284	2	98	768.5	492.5	0	20.9	386.476	74.089	NA	7.341	NA	-177.397	38.14
285	2	99	778.167	495.833	0	43.7	396.701	77.607	NA	10.225	NA	19.026	-163.577
286	2	100	781.833	493.5	0	38.6	401.048	81.816	NA	4.346	NA	-32.471	-51.497
287	2	101	782.833	489.5	0	38.4	405.171	85.43	NA	4.123	NA	-75.964	-43.493
288	2	102	791.5	493.833	0	39.7	414.86	88.527	NA	9.69	NA	26.565	102.529
289	2	103	795.167	495.167	0	29.1	418.762	90.437	NA	3.902	NA	19.983	-6.582
290	2	104	799.833	490.5	0	38.4	425.361	97.01	NA	6.6	NA	-45	-64.983
291	2	105	805.833	496.167	0	117.5	433.614	98.308	NA	8.253	NA	43.363	88.363
292	2	106	808.167	491.5	0	35.7	438.832	102.935	NA	5.217	NA	-63.435	-106.798
293	2	107	803.833	485.833	0	40.5	445.966	103.078	NA	7.134	NA	-127.405	-63.97
294	2	108	807.833	485.167	0	43.7	450.021	106.572	NA	4.055	NA	-9.462	117.943
295	2	109	797.5	480.833	0	38.6	461.226	101.823	NA	11.205	NA	-157.249	-147.787
296	2	110	799	480.5	0	90.5	462.762	103.123	NA	1.537	NA	-12.529	144.72
297	2	111	803.5	475.5	0	25.7	469.489	109.838	NA	6.727	NA	-48.013	-35.484
298	2	112	797.5	473.5	0	46.7	475.814	107.134	NA	6.325	NA	-161.565	-113.552
299	2	113	798	476.5	0	25.7	478.855	105.276	NA	3.041	NA	80.538	-117.897
300	2	114	795	470	0	50.7	486.014	108.128	NA	7.159	NA	-114.775	164.687
301	2	115	792.5	470.5	0	104.7	488.564	106.15	NA	2.55	NA	168.69	-76.535
302	2	116	797	467.5	0	54.7	493.972	111.328	NA	5.408	NA	-33.69	157.62
303	2	117	797.5	465.5	0	68.7	496.034	113.186	NA	2.062	NA	-75.964	-42.274
304	2	118	807	464	0	42.7	505.651	120.555	NA	9.618	NA	-8.973	66.991
305	2	119	819.5	463.5	0	135.9	518.161	129.678	NA	12.51	NA	-2.291	6.682
306	2	120	824	463.5	0	59.6	522.661	132.976	NA	4.5	NA	0	2.291
307	2	121	823.5	456	0	29.8	530.178	137.77	NA	7.517	NA	-93.814	-93.814
308	2	122	836.5	462.5	0	134.9	544.712	143.112	NA	14.534	NA	26.565	120.379
309	2	123	839.5	457	0	7.2	550.977	148.93	NA	6.265	NA	-61.39	-87.955
310	2	124	838.5	451.5	0	32.8	556.567	151.781	NA	5.59	NA	-100.305	-38.915
311	2	125	834.5	453	0	57.8	560.839	147.81	NA	4.272	NA	159.444	-100.251
312	2	126	831.5	458	0	86.4	566.67	142.23	NA	5.831	NA	120.964	-38.48
313	2	127	834.5	461	0	66.4	570.913	142.528	NA	4.243	NA	45	-75.964
314	2	128	835.5	463	0	56.8	573.149	142.021	NA	2.236	NA	63.435	18.435
315	2	129	838	459	0	25.6	577.866	146.496	NA	4.717	NA	-57.995	-121.43
316	2	130	835	452.5	0	25.4	585.025	148.516	NA	7.159	NA	-114.775	-56.781
317	2	131	826	456.5	0	97.8	594.874	139.213	NA	9.849	NA	156.038	-89.187
318	2	132	823.5	459	0	42.8	598.409	135.679	NA	3.536	NA	135	-21.038
319	2	133	828	462	0	38	603.818	136.956	NA	5.408	NA	33.69	-101.31
320	2	134	840	464	0	43	615.983	144.919	NA	12.166	NA	9.462	-24.228
321	2	135	846	465.5	0	53.4	622.168	148.82	NA	6.185	NA	14.036	4.574
322	2	136	860	457.5	0	50.2	638.292	164.86	NA	16.125	NA	-29.745	-43.781
323	2	137	866	455	0	73.4	644.792	171.206	NA	6.5	NA	-22.62	7.125
324	2	138	872.5	450.5	0	32.8	652.698	179.112	NA	7.906	NA	-34.695	-12.075
325	2	139	878.5	457.5	0	38.4	661.918	180.27	NA	9.22	NA	49.399	84.094
326	2	140	904.5	453.5	0	107.4	688.224	204.715	NA	26.306	NA	-8.746	-58.145
327	2	141	889.5	448.5	0	12.9	704.035	194.374	NA	15.811	NA	-161.565	-152.819
328	2	142	878.5	445.5	0	73.4	715.437	186.894	NA	11.402	NA	-164.745	-3.18
329	2	143	874	438.5	0	85.8	723.758	187.415	NA	8.322	NA	-122.735	42.01
330	2	144	874	435	0	73.4	727.258	189.57	NA	3.5	NA	-90	32.735
331	2	145	884	433	0	29.4	737.456	198.701	NA	10.198	NA	-11.31	78.69
332	2	146	881	430	0	93.8	741.699	198.162	NA	4.243	NA	-135	-123.69
333	2	147	873.5	426.5	0	29.8	749.976	194.587	NA	8.276	NA	-154.983	-19.983
334	2	148	873.5	418.5	0	47.8	757.976	199.874	NA	8	NA	-90	64.983
335	2	149	878	416	0	31.4	763.123	204.889	NA	5.148	NA	-29.055	60.945
336	2	150	888	419	0	43.2	773.564	210.517	NA	10.44	NA	16.699	45.754
337	2	151	896	419.5	0	108.3	781.579	216.444	NA	8.016	NA	3.576	-13.123
338	2	152	907.5	411.5	0	68.7	795.588	230.432	NA	14.009	NA	-34.824	-38.401
339	2	153	912	404	0	51.2	804.335	238.608	NA	8.746	NA	-59.036	-24.212
340	2	154	933	403.5	0	60.7	825.341	255.65	NA	21.006	NA	-1.364	57.672
341	2	155	935	393.5	0	40.9	835.539	263.206	NA	10.198	NA	-78.69	-77.326
342	2	156	949.5	397	0	57.9	850.455	272.874	NA	14.916	NA	13.57	92.261
343	2	157	959	403	0	17.2	861.691	277.439	NA	11.236	NA	32.276	18.705
344	2	158	963	391.5	0	45.2	873.867	287.114	NA	12.176	NA	-70.821	-103.097
345	2	159	965	382.5	0	36.9	883.086	293.894	NA	9.22	NA	-77.471	-6.65
346	2	160	957.5	386.5	0	60.3	891.586	285.466	NA	8.5	NA	151.928	-130.601
347	2	161	967	391	0	57.2	902.098	290.71	NA	10.512	NA	25.346	-126.581
348	2	162	971.5	388	0	42.9	907.507	296.118	NA	5.408	NA	-33.69	-59.036
349	2	163	973.5	380.5	0	77.7	915.269	301.998	NA	7.762	NA	-75.069	-41.379
350	2	164	962.5	375.5	0	32.3	927.352	296	NA	12.083	NA	-155.556	-80.487
351	2	165	956	374.5	0	68.9	933.928	291.433	NA	6.576	NA	-171.254	-15.698
352	2	166	955.5	380	0	38.5	939.451	287.7	NA	5.523	NA	95.194	-93.552
353	2	167	971	373	0	60.3	956.458	304.319	NA	17.007	NA	-24.305	-119.499
354	2	168	987.5	375	0	35.9	973.079	316.652	NA	16.621	NA	6.911	31.216
355	2	169	998	371	0	39.3	984.315	327.597	NA	11.236	NA	-20.854	-27.766
356	2	170	1008.833	349.5	0	35.8	1008.39	348.744	NA	24.075	NA	-63.258	-42.403
357	2	171	1015.5	358.167	0	66.2	1019.324	349.278	NA	10.934	NA	52.431	115.689
358	2	172	1052.167	346.167	0	47.9	1057.905	386.552	NA	38.58	NA	-18.122	-70.553
359	2	173	1068.167	347.5	0	111.9	1073.96	399.477	NA	16.055	NA	4.764	22.886
360	2	174	1067.5	323.5	0	53.5	1097.97	411.774	NA	24.009	NA	-91.591	-96.355
361	2	175	1078.833	330.167	0	42.8	1111.118	417.642	NA	13.149	NA	30.466	122.057
362	2	176	1090.833	322.833	0	58.1	1125.182	431.704	NA	14.063	NA	-31.43	-61.895
363	2	177	1081.5	318.167	0	54.5	1135.617	426.385	NA	10.435	NA	-153.435	-122.005
364	2	178	1077.5	303.5	0	18.9	1150.819	431.36	NA	15.202	NA	-105.255	48.18
365	2	179	1092.833	296.167	0	101.4	1167.816	448.12	NA	16.997	NA	-25.56	79.695
366	2	180	1101	288	0	35.8	1179.365	459.496	NA	11.549	NA	-45	-19.44
367	2	181	1096	275	0	53.7	1193.293	463.1	NA	13.928	NA	-111.038	-66.038
368	2	182	1084	266	0	66.6	1208.293	459.125	NA	15	NA	-143.13	-32.093
369	2	183	1076	256	0	57.7	1221.1	459.304	NA	12.806	NA	-128.66	14.47
370	2	184	1087	246	0	67.7	1235.966	474.161	NA	14.866	NA	-42.274	86.386
371	2	185	1100	262	0	57.7	1256.581	474.167	NA	20.616	NA	50.906	93.18
372	2	186	1090	259	0	125.7	1267.022	468.186	NA	10.44	NA	-163.301	145.793
