Nr	TID	PID	x [pixel]	y [pixel]	t [sec]	I [val]	Len [pixel]	D2S [pixel]	D2R [pixel]	D2P [pixel]	v [pixel/sec]	? [deg]	?? [deg]
1	1	1	746.833	656.167	0	32.7	0	0	NA	NA	NA	NA	NA
2	1	2	746.167	656.167	0	44.3	0.667	0.667	NA	0.667	NA	180	NA
3	1	3	746.167	656.167	0	28.7	0.667	0.667	NA	0	NA	0	-180
4	1	4	746.167	654.833	0	45.4	2	1.491	NA	1.333	NA	-90	-90
5	1	5	746.5	656.833	0	40.7	4.028	0.745	NA	2.028	NA	80.538	170.538
6	1	6	745.5	655.5	0	33.7	5.694	1.491	NA	1.667	NA	-126.87	152.592
7	1	7	745.5	655.5	0	30.3	5.694	1.491	NA	0	NA	0	126.87
8	1	8	744.833	654.5	0	38.5	6.896	2.603	NA	1.202	NA	-123.69	-123.69
9	1	9	745.167	654.833	0	38.3	7.368	2.134	NA	0.471	NA	45	168.69
10	1	10	745.167	655.167	0	35.9	7.701	1.944	NA	0.333	NA	90	45
11	1	11	744.833	656.833	0	45.5	9.401	2.108	NA	1.7	NA	101.31	11.31
12	1	12	744.833	656.5	0	51.3	9.734	2.028	NA	0.333	NA	-90	168.69
13	1	13	744.833	655.5	0	32.4	10.734	2.108	NA	1	NA	-90	0
14	1	14	743.833	654.833	0	25.7	11.936	3.283	NA	1.202	NA	-146.31	-56.31
15	1	15	742.833	654.5	0	39.4	12.99	4.333	NA	1.054	NA	-161.565	-15.255
16	1	16	742.833	654.5	0	33.7	12.99	4.333	NA	0	NA	0	161.565
17	1	17	742.833	654.5	0	40.7	12.99	4.333	NA	0	NA	0	0
18	1	18	744.167	653.167	0	59.4	14.875	4.014	NA	1.886	NA	-45	-45
19	1	19	744.167	653.167	0	60.5	14.875	4.014	NA	0	NA	0	45
20	1	20	743.5	653.833	0	53.7	15.818	4.069	NA	0.943	NA	135	135
21	1	21	741.833	654.5	0	30.5	17.613	5.27	NA	1.795	NA	158.199	23.199
22	1	22	740.833	655.5	0	33	19.027	6.037	NA	1.414	NA	135	-23.199
23	1	23	741.5	655.5	0	38.3	19.694	5.375	NA	0.667	NA	0	-135
24	1	24	742.833	653.167	0	51.1	22.382	5	NA	2.687	NA	-60.255	-60.255
25	1	25	742.833	653.167	0	49.1	22.382	5	NA	0	NA	0	60.255
26	1	26	741.833	654.167	0	30.5	23.796	5.385	NA	1.414	NA	135	135
27	1	27	741.167	656.167	0	43	25.904	5.667	NA	2.108	NA	108.435	-26.565
28	1	28	741.5	654.167	0	26.9	27.932	5.696	NA	2.028	NA	-80.538	171.027
29	1	29	741.833	653.833	0	26.9	28.403	5.518	NA	0.471	NA	-45	35.538
30	1	30	741.833	653.833	0	38.5	28.403	5.518	NA	0	NA	0	45
31	1	31	740.167	653.833	0	44.3	30.07	7.063	NA	1.667	NA	180	180
32	1	32	739.167	653.5	0	42.3	31.124	8.117	NA	1.054	NA	-161.565	18.435
33	1	33	737.833	653.5	0	50.3	32.457	9.387	NA	1.333	NA	180	-18.435
34	1	34	737.167	652.167	0	30.1	33.948	10.462	NA	1.491	NA	-116.565	63.435
35	1	35	737.833	650.5	0	67.4	35.743	10.635	NA	1.795	NA	-68.199	48.366
36	1	36	737.833	650.167	0	45.1	36.076	10.817	NA	0.333	NA	-90	-21.801
37	1	37	737.167	649.5	0	72.3	37.019	11.743	NA	0.943	NA	-135	-45
38	1	38	736.5	649.5	0	64.3	37.686	12.297	NA	0.667	NA	180	-45
39	1	39	736.167	649.833	0	38.8	38.157	12.405	NA	0.471	NA	135	-45
40	1	40	737.833	648.833	0	58.1	40.101	11.609	NA	1.944	NA	-30.964	-165.964
41	1	41	742.167	651.167	0	18.5	45.022	6.839	NA	4.922	NA	28.301	59.265
42	1	42	742.167	651.167	0	0.6	45.022	6.839	NA	0	NA	0	-28.301
43	1	43	743.167	654.5	0	35.1	48.502	4.028	NA	3.48	NA	73.301	73.301
44	1	44	742.167	654.833	0	3.4	49.556	4.853	NA	1.054	NA	161.565	88.264
45	1	45	740.167	656.833	0	41.5	52.385	6.7	NA	2.828	NA	135	-26.565
46	1	46	739.5	659.833	0	8.3	55.458	8.199	NA	3.073	NA	102.529	-32.471
47	1	47	745.167	660.5	0	33.5	61.164	4.643	NA	5.706	NA	6.71	-95.819
48	1	48	744.833	662.833	0	9.4	63.521	6.96	NA	2.357	NA	98.13	91.42
49	1	49	743.833	664.167	0	12.5	65.188	8.544	NA	1.667	NA	126.87	28.74
50	1	50	743.5	666.5	0	67.4	67.545	10.858	NA	2.357	NA	98.13	-28.74
51	1	51	743.5	666.5	0	3.4	67.545	10.858	NA	0	NA	0	-98.13
52	1	52	742.5	667.167	0	58.1	68.746	11.823	NA	1.202	NA	146.31	146.31
53	1	53	744.5	667.833	0	61.5	70.855	11.898	NA	2.108	NA	18.435	-127.875
54	1	54	747.167	669.5	0	8.3	73.999	13.337	NA	3.145	NA	32.005	13.57
55	1	55	751.167	669.5	0	31.4	77.999	14.02	NA	4	NA	0	-32.005
56	1	56	756.167	668.167	0	15.1	83.174	15.202	NA	5.175	NA	-14.931	-14.931
57	1	57	757.167	670.833	0	20.1	86.022	17.941	NA	2.848	NA	69.444	84.375
58	1	58	758.5	670.833	0	21.1	87.355	18.741	NA	1.333	NA	0	-69.444
59	1	59	759.167	672.5	0	52.5	89.15	20.467	NA	1.795	NA	68.199	68.199
60	1	60	762.167	673.833	0	50.2	92.433	23.393	NA	3.283	NA	23.962	-44.236
61	1	61	765.167	673.833	0	45.5	95.433	25.46	NA	3	NA	0	-23.962
62	1	62	768.5	675.833	0	47.9	99.321	29.261	NA	3.887	NA	30.964	30.964
63	1	63	771.833	678.167	0	48.7	103.389	33.302	NA	4.069	NA	34.992	4.028
64	1	64	774.167	675.833	0	53.4	106.689	33.673	NA	3.3	NA	-45	-79.992
65	1	65	775.833	678.5	0	26.7	109.834	36.603	NA	3.145	NA	57.995	102.995
66	1	66	774.5	679.5	0	32.7	111.501	36.192	NA	1.667	NA	143.13	85.135
67	1	67	773.5	680.5	0	30.3	112.915	36.1	NA	1.414	NA	135	-8.13
68	1	68	771.5	683.167	0	9.4	116.248	36.571	NA	3.333	NA	126.87	-8.13
69	1	69	767.833	681.833	0	46.5	120.15	33.163	NA	3.902	NA	-160.017	73.113
70	1	70	761.833	679.5	0	28.4	126.587	27.739	NA	6.438	NA	-158.749	1.267
71	1	71	759.833	681.167	0	43	129.191	28.178	NA	2.603	NA	140.194	-61.056
72	1	72	757.833	682.5	0	47.7	131.595	28.538	NA	2.404	NA	146.31	6.116
73	1	73	755.167	683.167	0	45.4	134.343	28.257	NA	2.749	NA	165.964	19.654
74	1	74	752.833	684.167	0	51.4	136.882	28.636	NA	2.539	NA	156.801	-9.162
75	1	75	750.167	685.167	0	21.4	139.73	29.191	NA	2.848	NA	159.444	2.643
76	1	76	748.167	684.167	0	14.4	141.966	28.032	NA	2.236	NA	-153.435	47.121
77	1	77	750.5	682.833	0	32.5	144.653	26.918	NA	2.687	NA	-29.745	123.69
78	1	78	756.833	683.833	0	51.4	151.065	29.418	NA	6.412	NA	8.973	38.718
79	1	79	761.167	685.167	0	26.5	155.599	32.349	NA	4.534	NA	17.103	8.13
80	1	80	764.167	687.167	0	25.5	159.205	35.517	NA	3.606	NA	33.69	16.587
81	1	81	764.833	690.5	0	39.7	162.604	38.766	NA	3.399	NA	78.69	45
82	1	82	763.167	692.833	0	44.3	165.471	40.14	NA	2.867	NA	125.538	46.848
83	1	83	757.833	695.833	0	28.7	171.591	41.164	NA	6.119	NA	150.642	25.105
84	1	84	747.167	700.5	0	66.4	183.233	44.335	NA	11.643	NA	156.371	5.728
85	1	85	745.833	702.167	0	32.7	185.368	46.011	NA	2.134	NA	128.66	-27.711
86	1	86	748.167	706.833	0	25.7	190.585	50.684	NA	5.217	NA	63.435	-65.225
87	1	87	750.167	710.167	0	32.7	194.473	54.103	NA	3.887	NA	59.036	-4.399
88	1	88	760.833	716.5	0	18.7	206.878	61.936	NA	12.405	NA	30.7	-28.337
89	1	89	765.833	718.833	0	43.2	212.395	65.484	NA	5.518	NA	25.017	-5.683
90	1	90	772.167	721.5	0	31.2	219.267	70.073	NA	6.872	NA	22.834	-2.183
91	1	91	777.5	724.5	0	23.1	225.386	74.899	NA	6.119	NA	29.358	6.524
92	1	92	780.5	728.833	0	26.9	230.657	80.087	NA	5.27	NA	55.305	25.947
93	1	93	779.167	730.833	0	28.9	233.061	81.367	NA	2.404	NA	123.69	68.385
94	1	94	781.833	730.167	0	31.2	235.809	81.86	NA	2.749	NA	-14.036	-137.726
95	1	95	786.167	729.167	0	33.5	240.257	82.922	NA	4.447	NA	-12.995	1.042
96	1	96	793.5	730.167	0	38.4	247.658	87.486	NA	7.401	NA	7.765	20.76
97	1	97	799.5	731.5	0	24.4	253.804	91.918	NA	6.146	NA	12.529	4.764
98	1	98	803.167	731.5	0	31.4	257.471	94.067	NA	3.667	NA	0	-12.529
99	1	99	804.833	733.167	0	33.5	259.828	96.4	NA	2.357	NA	45	45
100	1	100	803.167	733.167	0	15.4	261.494	95.407	NA	1.667	NA	180	135
101	1	101	789.167	734.167	0	35.8	275.53	88.747	NA	14.036	NA	175.914	-4.086
102	1	102	772.5	737.167	0	17.3	292.465	84.969	NA	16.935	NA	169.796	-6.118
103	1	103	762.833	733.5	0	43.2	302.803	78.971	NA	10.339	NA	-159.228	30.976
104	1	104	756.833	731.167	0	11.3	309.241	75.664	NA	6.438	NA	-158.749	0.478
105	1	105	766.167	735.167	0	16.4	319.395	81.331	NA	10.154	NA	23.199	-178.052
106	1	106	777.167	734.833	0	22.4	330.401	84.312	NA	11.005	NA	-1.736	-24.934
107	1	107	794.833	736.5	0	25.5	348.146	93.581	NA	17.745	NA	5.389	7.125
108	1	108	810.167	736.833	0	30.2	363.483	102.558	NA	15.337	NA	1.245	-4.144
109	1	109	822.5	740.167	0	17	376.258	113.055	NA	12.776	NA	15.124	13.879
110	1	110	818.167	744.5	0	25.6	382.387	113.54	NA	6.128	NA	135	119.876
111	1	111	801.833	749.5	0	24.4	399.468	108.333	NA	17.082	NA	162.979	27.979
112	1	112	788.167	758.833	0	17	416.018	110.675	NA	16.55	NA	145.67	-17.31
113	1	113	763.833	762.167	0	155	440.578	107.355	NA	24.561	NA	172.2	26.53
114	1	114	762.5	764.5	0	19.6	443.266	109.46	NA	2.687	NA	119.745	-52.455
115	1	115	765.167	769.833	0	23.2	449.229	115.136	NA	5.963	NA	63.435	-56.31
116	1	116	777.167	774.833	0	38.2	462.229	122.482	NA	13	NA	22.62	-40.815
117	1	117	791.167	778.167	0	29.4	476.62	129.805	NA	14.391	NA	13.392	-9.227
118	1	118	813.833	784.833	0	24	500.247	145.066	NA	23.627	NA	16.39	2.997
119	1	119	826.5	791.167	0	8.2	514.408	156.754	NA	14.162	NA	26.565	10.176
120	1	120	832.167	797.5	0	49.8	522.907	165.097	NA	8.498	NA	48.18	21.615
121	1	121	832.833	803.167	0	62.9	528.613	170.309	NA	5.706	NA	83.29	35.11
122	1	122	825.167	806.833	0	12.5	537.111	169.813	NA	8.498	NA	154.44	71.15
123	1	123	822.167	809.167	0	21.7	540.912	170.541	NA	3.801	NA	142.125	-12.315
124	1	124	828.833	811.5	0	14.2	547.975	175.649	NA	7.063	NA	19.29	-122.835
125	1	125	848.167	811.5	0	35.2	567.308	185.464	NA	19.333	NA	0	-19.29
126	1	126	862.167	817.5	0	21.2	582.54	198.318	NA	15.232	NA	23.199	23.199
127	1	127	874.833	820.167	0	32.3	595.484	208.038	NA	12.944	NA	11.889	-11.31
128	1	128	879.5	826.5	0	28.2	603.351	215.902	NA	7.867	NA	53.616	41.727
129	1	129	869.833	832.833	0	36.2	614.908	215.268	NA	11.557	NA	146.768	93.153
130	1	130	839.833	837.833	0	79.3	645.321	204.088	NA	30.414	NA	170.538	23.769
131	1	131	817.167	837.5	0	30.2	667.99	194.496	NA	22.669	NA	-179.157	10.305
132	1	132	789.833	835.167	0	32.9	695.423	184.092	NA	27.433	NA	-175.121	4.037
133	1	133	773.833	832.167	0	37.2	711.702	178.059	NA	16.279	NA	-169.38	5.74
134	1	134	783.5	836.833	0	41.9	722.436	184.35	NA	10.734	NA	25.769	-164.85
135	1	135	803.167	843.167	0	17.6	743.097	195.301	NA	20.661	NA	17.85	-7.919
136	1	136	832	857	0	38.6	775.078	218.145	NA	31.98	NA	25.63	7.78
137	1	137	873.5	862	0	31.6	816.878	241.685	NA	41.8	NA	6.87	-18.76
138	1	138	908	873.5	0	28.7	853.244	270.571	NA	36.366	NA	18.435	11.565
139	1	139	913	888	0	25.3	868.582	285.233	NA	15.338	NA	70.974	52.539
140	1	140	910.5	897	0	40.7	877.922	291.183	NA	9.341	NA	105.524	34.55
141	1	141	882	911.5	0	35.2	909.899	288.903	NA	31.977	NA	153.034	47.51
142	1	142	847.5	923	0	30	946.265	285.191	NA	36.366	NA	161.565	8.531
143	1	143	825.5	936	0	30	971.819	290.68	NA	25.554	NA	149.421	-12.144
144	1	144	820.5	952.5	0	18.7	989.06	305.353	NA	17.241	NA	106.858	-42.562
145	1	145	841	962	0	19.7	1011.654	320.002	NA	22.594	NA	24.864	-81.995
146	1	146	869.167	985.5	0	26.7	1048.337	351.32	NA	36.683	NA	39.839	14.975
147	1	147	919.167	1004.833	0	69.9	1101.944	388.931	NA	53.608	NA	21.14	-18.699
148	1	148	951.167	1022.167	0	47.5	1138.337	419.176	NA	36.393	NA	28.443	7.303
149	1	149	963.167	1034.167	0	31.6	1155.308	435.527	NA	16.971	NA	45	16.557
150	1	150	961.833	1045.5	0	37	1166.719	444.753	NA	11.411	NA	96.71	51.71
151	1	151	941.167	1062.833	0	43.2	1193.693	450.714	NA	26.973	NA	140.013	43.303
152	1	152	934.667	1070.667	0	38.2	1203.872	455.073	NA	10.179	NA	129.685	-10.328
153	1	153	948	1064	0	51.1	1218.779	454.748	NA	14.907	NA	-26.565	-156.251
154	1	154	977.333	1074.667	0	51	1249.991	477.779	NA	31.213	NA	19.983	46.548
155	1	155	1009.333	1078.667	0	71.2	1282.24	497.406	NA	32.249	NA	7.125	-12.858
156	1	156	1017.333	1072	0	136.4	1292.654	496.072	NA	10.414	NA	-39.806	-46.931
157	1	158	1020	1069.333	0	135.2	1296.425	495.305	NA	3.771	NA	-45	-5.194
158	2	1	752.5	540.167	0	69	0	0	NA	NA	NA	NA	NA
159	2	2	752.5	539.833	0	70	0.333	0.333	NA	0.333	NA	-90	NA
160	2	3	750.167	538.167	0	74.6	3.201	3.073	NA	2.867	NA	-144.462	-54.462
161	2	4	752.167	538.167	0	77	5.201	2.028	NA	2	NA	0	144.462
162	2	5	752.5	542.833	0	75.9	9.879	2.667	NA	4.679	NA	85.914	85.914
163	2	6	752.5	541.833	0	67.6	10.879	1.667	NA	1	NA	-90	-175.914
164	2	7	751.5	542.5	0	64	12.081	2.539	NA	1.202	NA	146.31	-123.69
165	2	8	753.167	537.833	0	67.6	17.037	2.427	NA	4.955	NA	-70.346	143.344
166	2	9	752.5	538.167	0	64	17.782	2	NA	0.745	NA	153.435	-136.219
167	2	10	752.833	540.167	0	60.6	19.809	0.333	NA	2.028	NA	80.538	-72.897
168	2	11	752.833	541.833	0	66.6	21.476	1.7	NA	1.667	NA	90	9.462
169	2	12	752.167	541.833	0	67.6	22.143	1.7	NA	0.667	NA	180	90
170	2	13	751.833	541.833	0	63	22.476	1.795	NA	0.333	NA	180	0
171	2	14	752.167	541.167	0	60.6	23.222	1.054	NA	0.745	NA	-63.435	116.565
172	2	15	750.5	541.833	0	60.6	25.017	2.603	NA	1.795	NA	158.199	-138.366
173	2	16	751.167	543.833	0	67.6	27.125	3.902	NA	2.108	NA	71.565	-86.634
174	2	17	750.833	541.167	0	62.7	29.812	1.944	NA	2.687	NA	-97.125	-168.69
175	2	18	749.167	543.833	0	64.6	32.957	4.955	NA	3.145	NA	122.005	-140.87
176	2	19	748.5	540.167	0	69.7	36.684	4	NA	3.727	NA	-100.305	137.69
177	2	20	748.167	542.833	0	61.7	39.371	5.088	NA	2.687	NA	97.125	-162.57
178	2	21	747.833	544.5	0	55.7	41.071	6.368	NA	1.7	NA	101.31	4.185
179	2	22	747.167	540.167	0	60.4	45.455	5.333	NA	4.384	NA	-98.746	159.944
180	2	23	749.167	542.167	0	59.6	48.283	3.887	NA	2.828	NA	45	143.746
181	2	24	748.167	542.833	0	60.8	49.485	5.088	NA	1.202	NA	146.31	101.31
182	2	25	749.167	542.5	0	62.9	50.539	4.069	NA	1.054	NA	-18.435	-164.745
183	2	26	748.833	541.5	0	61.8	51.593	3.902	NA	1.054	NA	-108.435	-90
184	2	27	749.167	541.167	0	63.4	52.065	3.48	NA	0.471	NA	-45	63.435
185	2	28	751.167	536.5	0	72.5	57.142	3.902	NA	5.077	NA	-66.801	-21.801
186	2	29	747.5	542.5	0	65.4	64.174	5.518	NA	7.032	NA	121.43	-171.769
187	2	30	745.833	544.5	0	65.3	66.777	7.951	NA	2.603	NA	129.806	8.376
188	2	31	744.5	536.5	0	68.8	74.888	8.8	NA	8.11	NA	-99.462	130.732
189	2	32	746.833	541.833	0	65.6	80.709	5.907	NA	5.821	NA	66.371	165.833
190	2	33	746.833	540.5	0	64.6	82.042	5.676	NA	1.333	NA	-90	-156.371
191	2	34	747.833	540.167	0	53.6	83.096	4.667	NA	1.054	NA	-18.435	71.565
192	2	35	747.5	540.167	0	57.3	83.43	5	NA	0.333	NA	180	-161.565
193	2	36	746.833	538.833	0	64.3	84.92	5.821	NA	1.491	NA	-116.565	63.435
194	2	37	746.5	540.5	0	81.3	86.62	6.009	NA	1.7	NA	101.31	-142.125
195	2	38	748.5	541.833	0	96.3	89.024	4.333	NA	2.404	NA	33.69	-67.62
196	2	39	747.5	538.833	0	46.6	92.186	5.175	NA	3.162	NA	-108.435	-142.125
197	2	40	748.833	539.167	0	17.2	93.56	3.801	NA	1.374	NA	14.036	122.471
198	2	41	747.833	537.167	0	37	95.796	5.548	NA	2.236	NA	-116.565	-130.601
199	2	42	747.167	537.5	0	55.7	96.542	5.963	NA	0.745	NA	153.435	-90
200	2	43	747.167	536.833	0	41.8	97.209	6.289	NA	0.667	NA	-90	116.565
201	2	44	747.5	536.167	0	32.8	97.954	6.403	NA	0.745	NA	-63.435	26.565
202	2	45	748.5	540.5	0	44.3	102.401	4.014	NA	4.447	NA	77.005	140.44
203	2	46	748.833	542.5	0	30.3	104.429	4.346	NA	2.028	NA	80.538	3.532
204	2	47	749.5	544.5	0	18.4	106.537	5.27	NA	2.108	NA	71.565	-8.973
205	2	48	748.5	549.167	0	176.7	111.309	9.849	NA	4.773	NA	102.095	30.53
206	2	49	753.167	550.833	0	173.3	116.265	10.687	NA	4.955	NA	19.654	-82.441
207	2	50	756.5	551.5	0	172.2	119.664	12.019	NA	3.399	NA	11.31	-8.344
208	2	51	755.833	551.5	0	188.6	120.331	11.813	NA	0.667	NA	180	168.69
209	2	52	754.167	548.833	0	30	123.475	8.825	NA	3.145	NA	-122.005	57.995
210	2	53	749.833	554.5	0	182.8	130.609	14.579	NA	7.134	NA	127.405	-110.589
211	2	54	752.5	550.167	0	40.7	135.697	10	NA	5.088	NA	-58.392	174.202
212	2	55	755.5	553.167	0	47.9	139.94	13.342	NA	4.243	NA	45	103.392
213	2	56	754.5	550.167	0	31.6	143.102	10.198	NA	3.162	NA	-108.435	-153.435
214	2	57	758.167	554.5	0	136.4	148.779	15.413	NA	5.676	NA	49.764	158.199
215	2	58	758.5	553.833	0	16.2	149.524	14.926	NA	0.745	NA	-63.435	-113.199
216	2	59	762.5	555.833	0	198.8	153.996	18.586	NA	4.472	NA	26.565	90
217	2	60	762.833	555.833	0	71.2	154.329	18.768	NA	0.333	NA	0	-26.565
218	2	61	765.167	555.833	0	31.4	156.663	20.147	NA	2.333	NA	0	0
219	2	62	766.167	555.167	0	43.4	157.865	20.292	NA	1.202	NA	-33.69	-33.69
220	2	63	769.167	557.833	0	25.5	161.878	24.288	NA	4.014	NA	41.634	75.324
221	2	64	772.5	561.833	0	186.2	167.085	29.486	NA	5.207	NA	50.194	8.561
222	2	65	766.833	562.833	0	94.4	172.84	26.818	NA	5.754	NA	169.992	119.798
223	2	66	765.833	559.5	0	72.4	176.32	23.485	NA	3.48	NA	-106.699	83.309
224	2	67	761.833	556.833	0	30.4	181.127	19.102	NA	4.807	NA	-146.31	-39.611
225	2	68	762.5	556.833	0	67.4	181.794	19.437	NA	0.667	NA	0	146.31
226	2	69	762.5	554.167	0	33.5	184.46	17.205	NA	2.667	NA	-90	-90
227	2	70	759.5	551.833	0	30.4	188.261	13.606	NA	3.801	NA	-142.125	-52.125
228	2	71	754.5	550.167	0	47.5	193.531	10.198	NA	5.27	NA	-161.565	-19.44
229	2	72	757.833	552.167	0	45.4	197.419	13.132	NA	3.887	NA	30.964	-167.471
230	2	73	760.833	550.833	0	29.4	200.702	13.536	NA	3.283	NA	-23.962	-54.926
231	2	74	762.167	549.5	0	33.5	202.587	13.437	NA	1.886	NA	-45	-21.038
232	2	75	765.167	552.167	0	31.4	206.601	17.448	NA	4.014	NA	41.634	86.634
233	2	76	769.167	550.167	0	36.4	211.073	19.437	NA	4.472	NA	-26.565	-68.199
234	2	77	771.5	548.833	0	22	213.761	20.883	NA	2.687	NA	-29.745	-3.18
235	2	78	777.167	544.833	0	15	220.697	25.104	NA	6.936	NA	-35.218	-5.473
236	2	79	777.5	544.833	0	9	221.03	25.432	NA	0.333	NA	0	35.218
237	2	80	777.833	549.833	0	10.6	226.041	27.115	NA	5.011	NA	86.186	86.186
238	2	81	775.833	551.5	0	9.4	228.645	25.94	NA	2.603	NA	140.194	54.009
239	2	82	778.167	551.833	0	19.7	231.002	28.194	NA	2.357	NA	8.13	-132.064
240	2	83	774.167	555.5	0	24.4	236.428	26.543	NA	5.426	NA	137.49	129.359
241	2	84	769.167	554.5	0	59.4	241.527	21.982	NA	5.099	NA	-168.69	53.82
242	2	85	763.167	557.5	0	109.4	248.235	20.352	NA	6.708	NA	153.435	-37.875
243	2	86	761.5	558.5	0	11.5	250.179	20.423	NA	1.944	NA	149.036	-4.399
244	2	87	760.5	560.167	0	4.5	252.123	21.541	NA	1.944	NA	120.964	-28.072
245	2	88	766.167	561.833	0	52.4	258.029	25.617	NA	5.907	NA	16.39	-104.574
246	2	89	772.5	565.167	0	25.5	265.186	32.016	NA	7.157	NA	27.759	11.369
247	2	90	778.5	568.167	0	10.4	271.894	38.21	NA	6.708	NA	26.565	-1.193
248	2	91	784.833	567.833	0	30.4	278.237	42.555	NA	6.342	NA	-3.013	-29.578
249	2	92	792.5	571.167	0	78.4	286.597	50.606	NA	8.36	NA	23.499	26.511
250	2	93	798.5	573.833	0	140	293.162	57.004	NA	6.566	NA	23.962	0.464
251	2	94	793.833	572.5	0	34.8	298.016	52.478	NA	4.853	NA	-164.055	171.983
252	2	95	794.5	567.833	0	25.7	302.73	50.294	NA	4.714	NA	-81.87	82.185
253	2	96	793.5	564.167	0	26.7	306.53	47.508	NA	3.801	NA	-105.255	-23.385
254	2	97	786.833	558.833	0	11.5	315.068	39.08	NA	8.537	NA	-141.34	-36.085
255	2	98	786.167	557.167	0	18.7	316.863	37.715	NA	1.795	NA	-111.801	29.539
256	2	99	785.833	555.167	0	30	318.891	36.553	NA	2.028	NA	-99.462	12.339
257	2	100	783.833	552.167	0	19.7	322.496	33.553	NA	3.606	NA	-123.69	-24.228
258	2	101	780.5	550.167	0	22	326.383	29.732	NA	3.887	NA	-149.036	-25.346
259	2	102	778.833	550.833	0	37	328.179	28.412	NA	1.795	NA	158.199	-52.765
260	2	103	782.5	548.5	0	37	332.525	31.136	NA	4.346	NA	-32.471	169.33
261	2	104	789.833	543.167	0	25.7	341.592	37.454	NA	9.068	NA	-36.027	-3.556
262	2	105	797.5	543.833	0	12.7	349.288	45.149	NA	7.696	NA	4.97	40.997
263	2	106	807.167	544.5	0	30	358.978	54.838	NA	9.69	NA	3.945	-1.025
264	2	107	816.167	539.5	0	36	369.273	63.67	NA	10.296	NA	-29.055	-33
265	2	108	817.833	537.167	0	23	372.141	65.402	NA	2.867	NA	-54.462	-25.408
266	2	109	819.833	537.167	0	23	374.141	67.4	NA	2	NA	0	54.462
267	2	110	824.5	539.5	0	22	379.358	72.003	NA	5.217	NA	26.565	26.565
268	2	111	822.833	540.5	0	11.7	381.302	70.334	NA	1.944	NA	149.036	122.471
269	2	112	815.167	542.5	0	38.6	389.225	62.71	NA	7.923	NA	165.379	16.343
270	2	113	796.5	553.167	0	135.4	410.724	45.88	NA	21.499	NA	150.255	-15.124
271	2	114	798.5	544.833	0	26.5	419.294	46.236	NA	8.57	NA	-76.504	133.241
272	2	115	795.5	543.167	0	30.4	422.726	43.105	NA	3.432	NA	-150.945	-74.441
273	2	116	795.167	541.833	0	15.4	424.101	42.699	NA	1.374	NA	-104.036	46.909
274	2	117	797.5	543.167	0	43	426.788	45.1	NA	2.687	NA	29.745	133.781
275	2	118	809.167	545.833	0	17.6	438.756	56.949	NA	11.968	NA	12.875	-16.87
276	2	119	819.167	549.167	0	9	449.296	67.271	NA	10.541	NA	18.435	5.56
277	2	120	831.5	553.833	0	125.5	462.483	80.173	NA	13.187	NA	20.726	2.291
278	2	121	834.5	552.833	0	10.6	465.645	82.973	NA	3.162	NA	-18.435	-39.161
279	2	122	844.167	559.5	0	43	477.388	93.683	NA	11.743	NA	34.592	53.027
280	2	123	845.5	560.167	0	44	478.879	95.126	NA	1.491	NA	26.565	-8.027
281	2	124	849.5	556.833	0	29	484.086	98.421	NA	5.207	NA	-39.806	-66.371
282	2	125	859.167	549.833	0	16	496.021	107.104	NA	11.935	NA	-35.91	3.896
283	2	126	851.167	549.167	0	46.7	504.048	99.076	NA	8.028	NA	-175.236	-139.327
284	2	127	847.167	538.5	0	16	515.44	94.681	NA	11.392	NA	-110.556	64.68
285	2	128	842.167	538.5	0	10.6	520.44	89.682	NA	5	NA	180	-69.444
286	2	129	834.833	535.167	0	27	528.496	82.485	NA	8.055	NA	-155.556	24.444
287	2	130	834.167	532.833	0	58	530.922	81.995	NA	2.427	NA	-105.945	49.611
288	2	131	822.5	525.833	0	53.7	544.528	71.452	NA	13.606	NA	-149.036	-43.091
289	2	132	834.167	521.833	0	25.3	556.861	83.699	NA	12.333	NA	-18.925	130.112
290	2	133	844.833	518.833	0	46.6	567.942	94.766	NA	11.081	NA	-15.709	3.216
291	2	134	860.167	514.5	0	15	583.876	110.684	NA	15.934	NA	-15.781	-0.072
292	2	135	869.833	511.167	0	30.2	594.101	120.864	NA	10.225	NA	-19.026	-3.245
293	2	136	881.167	514.5	0	24.6	605.914	131.202	NA	11.813	NA	16.39	35.415
294	2	137	896.5	508.833	0	31	622.261	147.37	NA	16.347	NA	-20.283	-36.672
295	2	138	903	512	0	30	629.492	153.113	NA	7.23	NA	25.974	46.257
296	2	139	919	504	0	21.2	647.38	170.383	NA	17.889	NA	-26.565	-52.539
297	2	140	930	510	0	39.3	659.91	180.045	NA	12.53	NA	28.61	55.176
298	2	141	913	514.5	0	142	677.496	162.539	NA	17.586	NA	165.174	136.563
299	2	142	910.5	512.5	0	24.6	680.697	160.404	NA	3.202	NA	-141.34	53.486
300	2	143	904.5	509	0	102.2	687.643	155.162	NA	6.946	NA	-149.744	-8.403
301	2	144	884.5	520	0	46.7	710.469	133.532	NA	22.825	NA	151.189	-59.067
302	2	145	882.5	516	0	40.7	714.941	132.227	NA	4.472	NA	-116.565	92.246
303	2	146	900.5	512.5	0	37.2	733.278	150.564	NA	18.337	NA	-11.004	105.562
304	2	147	906.5	526.5	0	37	748.51	154.605	NA	15.232	NA	66.801	77.805
305	2	148	922	532	0	28.2	764.956	169.697	NA	16.447	NA	19.537	-47.265
306	2	149	944	535.5	0	21.2	787.233	191.557	NA	22.277	NA	9.039	-10.497
307	2	150	975	532.5	0	156	818.378	222.632	NA	31.145	NA	-5.528	-14.567
308	2	151	982	538.5	0	46.7	827.598	229.506	NA	9.22	NA	40.601	46.129
309	2	152	993.5	547.5	0	37.2	842.201	241.112	NA	14.603	NA	38.047	-2.554
310	2	153	1004.5	550.5	0	44.2	853.602	252.212	NA	11.402	NA	15.255	-22.792
311	2	154	1020.5	548.5	0	74.3	869.727	268.13	NA	16.125	NA	-7.125	-22.38
312	2	155	1041.5	544	0	52.4	891.204	289.025	NA	21.477	NA	-12.095	-4.97
313	2	156	1045	536.5	0	58.4	899.48	292.523	NA	8.276	NA	-64.983	-52.888
314	2	159	1039.5	540.5	0	61.5	906.281	287	NA	6.801	NA	143.973	-151.044
